50.198,33.61
53.997,38.621
23.369,33.149
55.884,96.91
52.902,46.464
36.118,88.03
91.012,13.782
82.165,71.736
23.65,80.756
77.585,20.911
54.352,89.051
60.142,56.023
7.0866,66.838
46.649,99.098
7.7727,48.368
84.946,29.462
94.703,24.244
57.245,51.689
43.41,90.459
43.889,8.0169
98.305,85.572
40,66.242
98.484,12.346
6.2506,63.874
91.183,86.448
27.175,4.4692
16.643,57.535
75.414,20.952
75.649,81.671
74.053,4.7272
4.2244,38.08
39.156,38.702
70.903,9.9687
79.54,85.278
31.793,57.255
11.401,97.862
0.45005,94.924
19.768,62.902
50.124,26.659
43.93,57.255
53.571,78.234
51.819,45.105
6.9335,75.554
48.764,23.923
1.8645,88.379
77.989,27.361
90.743,88.493
92.437,84.878
24.899,38.829
53.56,10.985
56.188,90.452
69.626,5.0276
13.826,6.4066
62.193,48.219
83.223,98.127
58.901,42.982
65.982,40.556
30.817,45.443
16.845,5.3859
92.471,89.81
78.047,23.378
77.461,91.137
64.979,73.195
3.6015,38.754
29.988,48.799
16.513,5.306
90.011,52.967
68.077,96.373
9.7709,96.019
35.708,35.752
10.418,88.411
6.897,22.032
24.199,65.131
56.506,35.546
6.8498,14.683
36.456,68.644
79.04,15.168
20.977,16.063
15.033,43.871
56.439,91.446
11.434,57.895
80.044,60.03
0.9265,63.112
39.132,30.226
94.544,48.076
60.086,12.827
31.489,53.146
37.609,60.806
99.278,12.665
64.205,80.796
86.793,92.704
79.33,16.391
60.154,5.416
62.756,5.1241
45.953,21.53
94.678,30.934
63.673,8.2401
59.633,43.146
1.4359,55.455
41.089,1.764
3.9764,13.947
94.993,81.625
58.543,31.817
98.028,80.988
55.044,88.506
64.321,7.4567
12.864,40.299
68.631,51.451
7.2898,54.352
83.045,27.62
90.445,91.073
65.544,36.782
60.812,38.859
63.665,19.043
36.683,91.637
34.295,92.156
11.082,57.737
45.829,98.685
36.942,88.727
24.877,47.391
26.997,13.7
58.838,45.258
96.161,20.063
43.725,92.155
62.919,50.183
30.462,57.118
64.276,49.633
98.987,26.711
16.737,41.04
58.765,82.87
94.518,57.87
49.95,26.981
2.5695,18.473
49.362,26.572
88.284,0.97141
82.626,43.77
21.798,79.565
8.2035,99.129
21.445,11.576
52.935,46.215
30.381,25.692
52.32,19.365
25.454,25.365
21.662,63.753
22.714,61.524
46.181,73.13
58.812,20.056
10.524,16.914
87.359,80.217
79.293,13.148
52.224,4.4565
64.872,5.4321
32.052,36.786
57.722,11.196
25.519,56.673
85.014,72.884
85.042,78.681
75.277,7.1288
91.397,32.173
65.156,99.202
1.2808,62.888
25.248,93.137
99.73,92.511
12.621,53.918
67.098,91.371
91.721,65.026
15.513,59.088
69.004,74.765
84.017,61.192
3.6543,19.352
60.417,86.681
15.592,62.248
40.933,16.856
70.807,9.5354
22.516,18.969
11.039,75.271
42.211,38.302
58.538,88.937
52.024,57.472
63.932,31.235
55.744,66.935
24.918,80.417
69.384,21.872
69.801,70.795
9.5514,35.409
22.821,43.847
52.594,45.125
88.302,96.752
81.035,68.429
5.1421,79.194
72.457,28.472
3.8853,19.706
31.203,39.602
37.536,18.569
22.073,14.142
22.289,68.97
11.911,82.481
51.59,40.611
12.346,71.869
14.748,8.1294
22.219,37.976
48.702,97.528
90.09,28.278
23.626,44.467
66.61,37.927
28.916,17.627
65.788,2.9395
97.947,39.31
54.014,64.799
33.154,14.566
16.983,56.258
14.542,2.6637
48.997,35.666
22.811,11.834
16.096,1.5568
1.5417,11.422
3.025,0.14969
14.305,40.01
46.991,4.3107
7.0617,99.707
48.775,87.133
31.538,47.11
14.869,9.7659
42.081,13.137
28.995,28.904
16.01,11.2
25.416,40.315
25.885,71.215
73.308,95.248
15.2,0.90575
73.618,62.317
92.215,16.239
72.299,39.091
46.897,63.657
2.9655,8.0941
82.59,33.069
56.437,27.5
84.705,4.5373
57.533,53.569
74.341,20.12
36.033,32.717
1.6387,31.499
15.432,11.448
16.696,94.492
75.405,88.705
35.4,69.285
67.221,46.662
10.642,32.023
67.396,86.22
38.167,14.122
9.0366,1.9848
41.603,78.224
59.427,16.321
19.836,90.803
25.312,14.705
24.163,26.261
14.189,43.891
72.849,52.037
98.82,32.898
40.611,90.652
47.116,6.9577
84.401,32.328
98.62,60.574
72.193,60.666
67.968,17.072
52.183,27.894
90.063,87.13
94.967,38.856
99.735,26.007
29.172,17.477
4.4691,37.027
42.451,1.0222
91.495,66.655
82.215,73.568
53.755,36.241
6.8232,1.3024
42.315,65.285
32.998,49.316
42.785,85.525
21.548,37.085
87.407,40.994
60.087,16.887
83.671,78.388
1.1174,99.552
94.672,72.131
53.606,6.2333
32.337,2.4384
75.151,57.865
17.648,45.676
63.515,57.921
75.181,65.183
88.209,65.471
63.38,0.71254
73.585,81.497
96.321,46.532
76.206,95.96
43.675,88.845
11.32,54.405
62.143,78.914
98.785,31.9
67.806,65.674
14.791,92.153
28.533,21.482
37.971,71.411
10.976,18.311
4.5716,81.007
69.537,3.9556
10.185,33.922
82.956,18.132
45.969,16.817
43.911,45.042
81.52,91.257
45.51,29.173
50.746,73.741
75.197,98.963
50.012,44.635
1.29,4.0578
64.891,35.973
15.09,58.257
86.54,47.818
19.721,51.669
72.874,69.484
37.137,75.059
19.792,87.117
67.102,61.32
77.795,98.567
95.077,2.5745
46.114,24.58
39.137,62.501
48.551,32.826
47.898,74.623
53.063,68.698
52.435,66.119
24.818,74.157
27.415,79.733
75.622,33.891
49.334,78.51
95.763,91.525
24.59,84.436
95.853,26.681
28.202,44.671
7.0237,40.324
97.643,72.949
77.63,25.164
43.271,96.668
70.245,47.556
22.938,92.097
75.147,80.691
91.465,29.316
89.805,31.997
38.042,82.655
7.5455,23.052
30.84,96.454
82.238,87.157
36.514,95.874
90.542,96.74
20.697,27.315
32.138,30.379
80.453,2.777
51.904,17.519
8.2446,57.946
5.0062,18.522
25.361,25.104
92.528,41.817
86.75,13.785
88.467,80.627
43.361,54.394
12.062,47.685
2.9864,59.807
91.648,0.23328
28.827,14.862
50.617,96.547
92.496,40.367
54.192,30.935
98.194,0.61706
47.724,67.463
30.546,54.554
85.725,27.923
50.558,73.298
79.542,93.046
88.618,47.797
80.907,61.937
14.344,60.867
63.441,91.555
89.913,10.121
26.281,81.244
10.586,47.25
16.617,49.36
23.594,10.959
62.584,92.74
20.468,43.516
42.43,55.816
89.523,79.674
51.326,65.049
29.645,36.31
36.2,26.358
13.983,36.761
59.933,35.364
55.111,95.543
31.35,9.9061
99.726,93.62
72.361,24.18
67.602,99.169
43.349,75.015
92.765,20.934
34.119,74.093
86.486,63.535
17.382,69.621
53.264,55.412
95.113,91.666
28.028,1.7435
69.163,60.958
97.751,18.282
80.537,47.283
88.205,42.891
8.8616,90.179
38.939,39.046
4.9243,46.001
54.269,84.14
55.85,80.503
62.346,9.3437
80.909,45.149
31.811,20.26
6.5216,9.3396
97.025,15.343
74.238,45.716
20.865,63.522
37.408,17.818
13.314,19.018
64.891,79.678
1.0648,80.808
20.273,60.921
85.032,69.17
39.851,41.687
81.965,25.878
95.918,66.736
7.6525,43.691
70.746,31.741
49.754,2.0657
54.915,35.354
59.128,40.727
34.024,91.66
56.742,86.846
21.733,4.4882
85.091,12.568
46.473,61.731
80.571,41.138
60.01,32.651
83.303,18.668
14.113,67.188
42.767,62.809
41.515,41.192
99.437,8.1938
34.894,5.414
15.372,4.4655
68.172,59.987
19.626,1.9402
53.107,35.847
67.863,74.47
5.8042,92.32
86.148,95.099
38.156,22.466
67.4,25.522
66.96,43.861
75.577,47.876
87.611,59.715
22.766,14.394
20.354,50.328
78.199,76.955
53.886,7.7309
94.076,24.021
95.442,88.481
7.3227,72.445
81.044,56.924
57.539,26.914
56.112,69.446
49.312,86.418
4.2241,69.648
69.351,13.551
78.167,36.849
21.477,59.369
39.155,71.902
89.936,98.397
92.198,58.508
48.358,67.836
3.7846,16.037
29.785,61.965
37.969,78.614
35.697,73.588
66.379,47.848
58.084,39.337
17.76,69.512
99.414,44.604
90.638,97.91
47.959,89.19
87.207,79.167
8.5824,97.805
22.215,16.34
50.602,38.255
59.127,27.779
86.138,46.87
98.764,33.68
94.886,29.331
75.3,15.729
53.286,29.818
3.1883,51.397
32.687,51.698
90.485,76.422
20.841,32.043
55.08,51.015
18.763,55.174
57.749,83.856
49.58,89.671
73.902,55.6
17.164,78.227
89.575,18.871
96.919,64.675
33.32,73.596
23.074,13.036
23.919,3.0532
94.882,78.744
98.249,96.389
28.433,47.158
60.677,26.327
23.636,5.3125
74.588,81.11
4.0989,0.70749
55.374,11.002
36.8,57.291
77.422,7.7804
80.642,8.5083
28.738,44.343
31.61,48.261
22.805,40.306
24.116,91.984
27.145,63.235
89.888,10.647
32.613,37.795
93.327,65.459
45.286,26.72
50.871,4.632
46.011,51.184
8.3576,30.968
57.338,9.4199
62.194,5.262
90.117,81.614
38.389,16.529
60.576,5.3211
40.965,33.388
70.51,97.853
84.462,10.725
71.615,40.605
7.0753,83.573
68.482,79.795
33.835,41.476
64.558,86.706
49.73,85.253
94.895,5.432
99.023,85.343
22.958,20.41
8.4026,45.291
92.219,82.479
80.267,88.273
46.736,72.648
19.92,69.151
57.334,33.996
91.909,2.0552
9.6489,44.121
45.896,1.5995
31.402,19.472
68.766,12.266
42.335,65.811
54.214,60.145
51.941,77.127
96.767,68.265
19.485,73.413
7.8116,16.689
85.08,53.518
34.73,99.488
61.013,54.994
93.73,29.998
66.201,25.08
52.715,25.372
34.742,55.531
7.8101,81.2
22.57,0.34591
89.631,33.472
25.514,56.18
90.577,49.685
92.788,41.857
36.453,94.488
58.457,17.807
46.3,63.297
66.47,49.665
87.727,50.81
63.489,37.327
83.317,44.294
37.5,79.435
39.117,13.018
63.373,14.825
0.45313,10.024
51.508,60.552
61.89,87.058
56.53,72.633
50.764,0.45016
46.095,70.154
2.2909,72.101
23.723,55.148
56.501,8.5106
67.167,17.388
50.471,31.057
49.912,66.995
64.988,9.0752
9.1104,16.26
61.893,1.3435
90.908,92.919
67.643,20.856
13.343,60.676
58.443,83.228
24.345,42.444
50.242,93.435
43.423,40.379
0.3367,87.114
46.243,52.305
12.554,24.502
31.714,12.672
26.656,78.736
77.273,25.502
1.0096,43.168
98.274,76.199
23.259,78.313
77.748,22.129
58.657,52.722
17.909,71.149
28.758,69.811
80.486,99.594
71.543,83.502
79.038,75.886
2.1403,76.407
99.642,76.196
74.415,97.285
26.004,44.846
50.853,77.974
98.055,50.122
50.588,12.319
22.496,26.84
77.352,86.99
12.593,64.039
27.647,54.207
60.289,6.7564
26.7,17.771
11.106,49.292
47.351,42.71
93.448,47.739
89.289,49.966
49.805,35.497
93.778,91.374
61.893,53.722
89.187,91.588
64.962,59.795
51.715,8.1459
84.359,42.274
26.347,35.637
45.613,71.617
39.701,59.935
23.802,64.869
88.022,87.555
53.074,51.938
19.162,22.908
93.332,48.226
65.571,22.827
82.045,16.574
33.288,5.4699
84.025,43.158
77.383,79.504
85.987,22.933
40.506,67.901
51.254,11.553
94.061,20.802
82.387,17.391
22.472,81.386
3.768,16.641
26.494,78.463
38.851,41.279
56.992,18.779
8.5538,94.695
58.858,55.562
13.406,36.495
80.417,22.45
63.441,27.308
55.147,71.829
78.11,72.026
26.019,35.828
62.827,54.713
20.072,57.273
59.846,88.298
89.897,64.87
13.977,4.1068
68.087,21.187
73.432,27.534
16.665,64.464
73.723,2.9089
15.131,40.237
95.005,92.442
34.617,70.344
85.078,82.953
81.318,65.713
57.408,29.137
59.743,13.986
45.505,67.09
27.561,23.287
67.687,57.471
37.89,77.982
47.442,5.1918
38.068,78.96
55.944,14.147
89.772,8.6891
17.761,1.8239
80.083,49.554
99.522,34.613
91.151,62.346
52.364,78.65
31.078,86.663
27.595,23.754
57.91,45.123
13.087,60.628
81.622,93.096
61.763,37.355
25.21,26.525
88.81,39.332
46.885,17.933
47.668,90.14
50.394,21.541
61.568,16.643
72.736,54.659
19.364,17.137
94.514,6.0568
66.169,79.454
53.705,27.967
28.593,49.359
82.444,29.007
18.45,12.104
10.45,49.54
30.201,26.542
0.1785,54.899
89.144,56.636
73.662,47.002
57.434,19.34
42.267,93.108
35.78,88.877
46.612,1.6738
54.859,76.349
57.824,8.1735
47.876,90.569
68.818,44.656
62.855,80.617
55.877,65.224
98.129,18.621
63.921,55.866
46.594,74.656
28.246,85.026
6.0397,66.199
51.61,13.645
7.8381,49.35
88.566,3.8233
5.1162,8.8416
19.941,67.398
11.182,47.035
28.854,8.0431
80.076,17.273
15.332,78.298
19.755,15.582
22.88,19.009
95.725,32.514
74.149,68.039
4.7314,46.597
81.12,57.865
73.38,40.53
51.107,41.843
27.777,68.633
79.202,34.902
59.921,96.861
51.646,72.524
68.915,87.142
82.373,34.12
83.403,2.512
79.775,25.409
21.017,27.572
21.989,34.693
2.9169,72.944
27.254,31.655
72.182,41.158
48.272,6.6514
84.171,62.663
88.454,26.287
36.253,96.343
11.893,84.404
80.854,11.045
40.996,53.055
44.552,96.268
33.549,62.37
15.074,51.803
25.133,87.853
34.822,14.06
40.857,58.063
54.264,1.3445
49.637,13.183
35.279,53.816
47.527,4.5384
9.3552,87.234
72.617,12.701
65.147,61.677
99.92,22.341
26.44,6.7498
81.109,78.838
63.662,22.127
83.394,43.159
31.788,27.718
52.63,12.867
37.542,28.074
6.8604,11.566
24.529,62.706
72.899,80.118
95.151,46.905
74.908,71.689
29.729,85.31
69.121,66.805
81.068,58.453
26.033,30.636
82.724,32.974
58.194,88.828
74.644,25.555
5.013,68.854
89.932,15.065
50.107,0.059192
71.42,27.686
18.141,56.474
95.553,79.686
21.782,5.4927
14.163,26.253
82.351,5.0694
68.611,31.425
23.965,15.891
66.382,60.208
95.333,94.739
42.355,57.046
84.65,89.677
57.008,94.389
13.845,84.759
79.96,45.724
44.54,47.999
42.468,88.784
99.706,65.69
3.6706,6.1199
54.79,29.553
78.404,21.625
21.69,80.289
20.677,93.529
30.009,62.539
4.1845,2.4409
85.21,97.32
59.869,12.208
87.308,58.9
96.763,11.445
89.929,35.089
63.727,67.147
16.139,22.434
61.491,84.12
99.941,92.037
75.524,57.99
96.38,94.993
8.8577,3.7478
44.999,86.15
80.369,67.39
2.4223,63.043
58.622,38.615
65.267,45.877
16.595,1.7524
12.219,10.539
88.025,66.206
82.561,59.42
2.8632,40.437
83.796,9.8298
6.979,80.878
86.08,85.499
76.689,0.42284
93.434,80.365
86.359,7.0225
37.286,68.994
12.883,16.817
57.573,68.913
85.105,40.024
90.102,91.654
64.152,61.283
33.2,17.775
26.884,98.578
76.496,73.216
53.938,46.731
29.331,4.3701
55.805,52.398
33.68,97.332
19.988,34.849
40.101,7.0087
67.982,99.114
45.882,67.484
9.1246,90.686
89.408,12.314
0.17422,11.132
41.316,38.893
21.286,29.917
83.002,2.4466
30.825,37.588
98.134,18.457
33.573,73.984
27.28,76.701
46.736,71.073
72.461,49.916
34.431,21.744
80.957,62.662
63.733,16.455
44.851,68.332
42.206,77.098
94.975,76.074
54.973,54.117
28.38,69.442
65.49,66.614
20.395,47.099
33.584,21.812
18.693,79.676
20.391,33.766
88.442,63.866
14.202,22.537
14.549,58.245
73.252,33.479
45.94,21.507
90.657,0.84158
80.05,23.51
67.146,17.953
91.327,65.168
29.915,51.994
4.6747,79.208
75.034,59.753
28.44,12.179
53.615,16.081
69.451,5.5423
0.1828,9.2346
89.108,85.322
31.245,76.514
52.159,91.761
50.908,93.928
49.391,40.559
42,32.041
27.635,59.894
77.703,77.617
54.659,13.654
92.907,64.047
96.084,1.1519
39.069,60.397
0.0292,7.3326
86.558,92.452
32.802,45.302
72.68,86.807
24.998,20.648
40.987,55.751
68.43,33.867
30.576,26.209
0.21467,24.27
47.135,16.642
49.184,1.4314
16.097,90.104
42.678,97.877
9.4487,29.219
94.385,76.955
15.284,23.07
67.92,28.527
51.965,85.755
94.222,22.77
65.698,68.425
63.398,63.716
58.799,10.785
61.521,36.561
50.773,86.784
51.83,53.039
26.905,67.157
3.5366,61.248
79.999,72.652
40.524,3.3599
37.242,49.564
37.59,68.459
74.322,9.6037
72.593,52.805
67.324,56.226
72.661,2.6832
50.294,68.019
38.615,94.052
46.253,38.52
75.03,35.251
55.437,60.531
80.894,15.91
34.033,98.347
24.846,80.431
36.453,60.597
59.642,79.42
45.076,96.889
62.256,12.992
30.094,95.464
81.052,6.311
93.957,7.271
93.713,8.099
73.484,86.87
0.70733,4.1815
7.4899,46.71
28.561,73.535
1.5206,85.835
0.5929,54.052
6.9136,71.503
65.796,17.571
40.416,38.245
76.464,96.096
79.081,42.939
1.0107,95.852
41.99,24.323
5.3848,44.437
20.633,76.052
65.601,62.231
2.1714,62.328
12.717,84.355
40.733,87.869
15.052,33.736
30.929,43.263
63.527,60.288
39.485,90.716
8.3446,26.574
42.496,70.004
57.965,16.263
98.606,46.024
85.499,40.085
78.01,12.242
4.7561,49.727
0.095167,93.554
69.796,31.934
27.873,3.7255
3.3239,24.644
29.183,17.383
86.932,43.298
77.867,13.572
69.915,1.3438
70.287,38.509
47.195,30.204
81.616,23.595
17.065,51.053
80.998,14.485
79.799,91.127
99.172,90.179
76.441,57.055
11.54,23.923
34.418,55.456
31.871,35.322
22.972,81.594
6.2568,22.263
17.909,25.658
82.076,21.051
83.867,81.826
88.249,64.047
45.888,82.711
47.573,61.419
7.4284,87.166
83.317,3.4991
9.004,2.4621
32.829,99.998
26.793,89.873
43.626,57.848
85.228,32.594
39.274,87.12
31.357,70.874
52.943,55.151
65.01,45.918
55.777,31.789
65.464,12.747
86.122,33.976
92.957,92.266
81.857,88.808
74.317,72.677
85.772,67.752
45.588,74.169
3.1539,29.759
13.642,15.173
2.2714,25.299
15.9,86.861
50.597,99.569
61.294,20.765
74.084,33.184
71.48,49.482
15.253,1.8849
89.378,48.866
42.205,62.756
20.254,58.269
40.8,40.949
56.967,32.327
81.276,68.165
81.134,41.219
45.543,4.6787
84.162,76.801
32.826,11.528
83.302,14.853
13.535,14.27
55.13,43.58
0.75432,62.247
92.992,82.078
42.475,44.378
12.314,30.83
53.65,90.614
98.528,92.967
6.6627,59.909
92.566,87.333
44.062,92.304
87.415,8.016
36.23,70.387
80.544,65.443
67.015,24.082
16.296,3.2258
97.532,24.403
17.843,31.973
14.523,6.2476
4.7561,69.897
64.806,93.511
17.805,96.472
77.088,83.213
76.743,10.058
24.29,40.359
39.212,82.643
79.08,5.1583
38.943,24.839
31.282,29.659
4.0988,89.783
75.473,4.8655
98.908,68.454
88.498,2.5343
50.936,8.9352
52.966,4.2353
89.751,70.06
17.434,92.013
78.407,11.828
31.406,63.752
2.6942,49.99
9.9638,64.239
8.8502,72.452
92.315,45.613
38.671,69.433
73.133,32.688
76,3.4907
52.855,26.172
49.29,13.254
19.36,15.655
63.375,14.519
65.528,19.197
22.046,18.723
96.135,66.572
50.385,88.137
8.97,99.051
33.347,87.853
91.347,76.708
44.502,7.4932
7.6148,82.75
31.178,91.829
45.421,56.319
77.918,56.376
42.025,16.924
37.909,29.408
55.817,84.552
30.566,16.608
99.65,84.68
87.779,56.426
75.328,19.56
67.405,23.697
52.903,37.354
32.59,24.76
7.6534,16.445
13.143,39.574
99.159,11.597
2.7295,6.5576
40.613,53.686
55.004,90.438
62.176,23.867
83.421,48.032
37.051,89.494
54.099,25.811
86.938,61.551
87.805,7.481
75.047,0.64133
17.918,42.464
76.114,44.667
10.504,23.244
13.994,46.698
91.515,59.018
62.148,4.8866
67.811,23.266
80.927,90.445
18.838,83.699
60.697,92.454
29.351,40.307
99.663,58.894
46.912,48.691
2.4606,37.651
24.274,84.602
3.3998,69.836
21.115,16.387
68.401,22.644
78.182,26.303
91.475,13.446
42.304,86.536
18.338,61.323
33.213,61.896
18.785,78.934
48.544,91.351
73.152,77.799
9.989,17.18
91.377,83.718
5.7734,21.622
35.589,88.955
41.854,35.733
99.12,33.38
58.32,23.139
46.726,6.6167
21.612,21.258
97.82,51.964
59.18,16.509
95.951,16.821
91.86,59.08
68.133,38.356
85.295,99.686
99.418,41.31
24.925,83.223
60.598,2.0311
40.756,76.627
59.323,38.702
86.446,25.875
22.659,96.176
20.947,0.08376
32.639,79.277
68.712,97.832
90.464,29.193
39.161,78.064
27.259,53.48
84.593,25.681
62.015,90.472
82.297,47.713
33.76,52.001
91.698,77.612
33.544,63.791
9.5242,42.827
93.312,73.556
23.861,12.585
77.125,49.778
46.619,71.85
59.444,81.182
39.38,14.481
10.411,89.193
98.759,86.405
64.677,33.103
27.881,15.098
81.928,50.074
31.733,2.6248
37.086,57.984
20.821,39.306
93.354,3.2965
36.162,56.483
62.716,78.018
60.283,81.366
90.623,0.55593
69.042,16.265
64.249,29.399
33.253,14.913
31.139,64.758
12.236,5.8868
5.1934,77.074
64.07,0.30898
85.925,82.794
26.804,26.59
39.6,95.964
52.099,11.359
11.902,0.89615
32.931,24.692
60.257,36.784
7.9136,66.733
52.029,91.741
50.705,83.498
90.871,72.257
21.801,41.424
19.731,60.365
1.3569,6.1749
47.269,74.726
6.6787,68.482
52.249,80.451
22.477,28.898
31.455,84.944
89.929,55.996
44.521,95.546
49.305,51.85
84.926,87.795
94.654,86.51
46.561,76.198
63.792,66.635
55.787,83.643
41.519,53.341
3.0918,52.855
69.02,44.351
31.196,14.252
39.702,51.591
88.803,2.0915
68.327,82.204
76.439,7.0474
0.59932,16.339
99.735,69.379
51.623,59.905
67.906,57.474
86.075,21.789
71.019,16.583
75.748,33.655
41.149,43.565
47.606,43.367
53.446,14.592
13.361,88.358
40.836,6.8059
23.179,84.311
45.899,53.273
33.98,81.04
79.415,13.358
58.951,93.42
84.702,25.681
3.0021,53.618
82.897,74.773
30.819,17.983
70.649,45.145
87.707,29.761
1.512,72.919
6.4111,80.721
56.456,50.466
84.298,95.38
57.937,32.224
69.201,57.754
97.827,41.692
80.165,68.119
52,2.4134
82.237,51.688
87.548,22.069
33.19,14.183
75.065,45.699
98.69,59.475
70.51,9.4694
98.711,56.899
69.701,67.298
74.377,78.467
36.236,49.258
82.165,83.019
56.746,20.855
40.814,99.658
6.4174,49.29
72.489,21.877
20.204,20.962
58.563,32.974
35.755,94.739
72.37,63.108
13.164,68.308
84.056,5.1479
6.7484,30.287
0.37968,39.761
69.607,56.5
10.35,84.452
54.253,30.822
44.987,18.055
59.732,53.139
99.27,11.25
24.88,40.987
94.944,66.974
27.471,26.659
72.202,0.41256
5.8424,85.441
17.237,36.302
66.663,99.863
86.557,10.749
35.456,92.634
53.982,39.745
46.957,15.248
47.426,88.485
14.764,67.713
57.057,72.641
9.0172,96.888
87.51,20.931
14.088,62.864
49.527,64.426
55.839,40.735
10.775,31.387
82.804,48.954
18.641,86.575
40.537,89.267
22.999,12.605
25.29,82.012
60.391,56.296
87.385,95.345
23.846,18.92
50.573,84.519
53.547,79.301
7.8763,33.409
62.259,1.2863
20.543,68.685
57.355,80.635
23.499,40.017
52.13,18.252
33.379,38.504
17.529,6.1445
77.792,27.559
22.946,95.466
88.135,87.886
10.341,84.622
99.034,15.9
60.04,52.694
43.688,70.954
99.103,94.062
91.239,16.355
33.151,71.981
11.196,68.733
13.685,80.839
23.001,73.127
88.103,75.647
21.211,48.942
36.75,46.56
37.51,73.606
73.068,62.698
61.591,16.098
23.965,52.761
80.36,82.993
41.337,77.844
77.672,65.345
7.1587,32.515
58.237,31.581
8.8738,20.098
37.296,58.057
72.834,47.321
46.782,97.235
15.524,48.418
58.041,64.696
48.51,70.337
43.415,94.674
67.916,88.67
82.328,84.091
35.253,18.141
46.296,37.346
25.488,49.085
50.459,5.5078
98.214,14.722
78.951,55.577
72.412,62.68
11.318,32.115
33.666,64.061
53.006,43.14
8.7846,92.071
93.769,27.387
93.408,91.218
86.471,4.6474
32.768,91.274
38.197,81.714
67.727,42.958
52.224,23.394
90.198,95.34
71.771,27.545
29.277,22.107
1.0676,44.031
59.402,15.039
36.353,84.039
10.864,72.94
85.38,41.541
51.217,63.007
66.332,78.844
98.196,50.952
51.433,91.057
33.053,66.507
86.548,3.7338
23.025,18.44
2.0002,56.376
27.461,87.693
32.634,29.847
97.098,45.486
17.097,43.557
32.057,5.4077
21.808,76.816
24.869,63.044
48.701,31.049
49.783,22.322
4.2355,35.126
78.57,82.141
14.677,92.676
38.94,71.631
24.731,20.388
75.939,4.8022
35.046,15.867
40.362,76.313
85.395,70.026
45.878,64.232
79.481,55.722
53.877,82.214
27.735,78.833
16.252,36.981
56.567,78.141
34.012,39.75
53.088,80.532
97.999,86.916
82.983,53.656
27.916,45.509
7.1753,9.1496
58.685,89.805
47.353,82.186
14.895,48.447
35.955,72.486
43.495,35.233
56.712,33.004
62.396,88.15
70.193,65.798
86.723,31.649
42.656,74.748
88.699,33.829
7.2013,20.334
20.35,20.565
75.433,43.44
75.339,14.453
4.702,18.37
14.072,8.4955
60.17,29.23
73.598,11.227
80.014,68.737
10.877,19.665
34.917,60.868
15.999,63.025
16.352,26.442
19.133,35.576
87.479,63.548
24.434,40.349
81.712,13.617
56.1,38.434
37.172,8.6328
23.719,78.763
94.435,66.679
30.809,19.831
62.839,64.884
74.515,36.7
86.127,82.915
3.0185,31.514
47.33,50.647
46.436,42.5
94.249,68.416
94.881,57.958
44.852,40.107
61.644,24.639
39.217,67.185
36.367,69.767
39.746,10.405
67.847,80.252
19.223,57.035
86.978,84.141
6.4841,30.543
51.921,90.442
86.691,78.294
27.737,54.906
68.551,52.382
51.152,1.1556
79.02,90.857
33.146,82.798
53.125,47.901
51.596,80.427
41.722,8.8998
19.393,78.134
36.976,79.73
60.696,74.64
20.55,1.0584
9.8216,20.512
55.552,60.522
27.065,53.659
71.379,59.809
56.781,40.063
58.597,24.287
73.459,50.616
21.462,43.976
79.567,38.04
5.631,60.09
0.11212,90.154
37.104,15.451
31.278,92.957
14.291,1.9477
3.4923,38.221
59.681,96.505
6.1564,47.391
47.749,26.642
51.232,72.934
31.913,4.9616
60.76,37.363
77.742,99.994
0.5892,21.326
19.514,66.588
42.804,26.764
2.5547,44.409
76.706,25.77
87.41,19.674
91.946,14.565
27.346,92.285
83.066,44.939
74.487,75.663
96.951,5.4514
52.319,17.657
25.558,71.089
13.997,0.82632
75.897,50.67
64.308,18.493
71.506,47.126
10.379,94.962
91.881,65.816
36.369,50.452
69.218,34.196
67.21,28.267
70.61,91.369
68.204,90.505
27.037,71.663
72.714,40.627
29.288,31.912
96.304,77.403
9.6031,26.157
25.012,73.428
73.979,92.77
76.622,4.7698
5.8309,54.26
73.423,43.786
63.776,40.591
22.396,52.273
30.629,76.48
86.02,66.308
63,18.712
17.013,59.222
14.637,98.611
77.708,54.615
83.504,69.639
84.033,3.7479
10.813,23.166
19.633,19.324
76.455,97.723
39.583,53.234
20.028,82.69
26.542,43.864
34.558,20.954
59.993,40.215
79.979,36.698
65.984,65.023
43.349,52.077
53.149,14.051
3.2795,48.904
18.215,29.728
44.98,99.894
16.421,57.914
95.042,54.454
68.487,69.252
63.084,45.261
45.106,12.685
42.458,98.563
13.911,18.818
88.284,73.209
55.545,37.437
8.3277,70.242
17.168,72.801
30.998,20.125
35.151,14.815
74.133,93.122
94.991,43.544
96,52.165
66.936,35.328
87.13,9.4113
93.473,43.09
6.5695,21.049
10.411,92.786
49.544,68.48
84.784,79.206
47.436,63.615
5.8517,21.554
45.099,31.123
95.539,17.314
3.0307,62.258
39.418,91.364
54.643,68.303
84.603,24.612
77.296,52.269
56.959,25.665
55.496,48.118
0.019446,81.619
78.86,7.831
47.294,88.651
82.566,76.004
30.474,57.439
72.33,81.065
50.933,80.639
26.55,62.474
96.663,72.801
73.823,83.283
0.29405,10.54
63.113,11.043
22.161,91.883
60.708,67.397
15.783,99.089
97.56,92.491
19.448,88.142
18.136,53.613
49.078,73.375
2.2835,63.26
12.169,59.434
98.533,63.481
58.214,15.376
35.718,84.232
1.5392,59.246
42.329,52.711
70.999,20.957
22.803,17.364
19.189,23.438
82.118,74.816
73.938,16.388
1.9267,8.5201
82.073,65.136
48.332,59.422
91.166,74.503
82.333,58.898
47.519,36.647
87.974,77.794
76.79,83.888
7.8149,46.46
4.9737,77.31
69.434,67.1
12.197,80.738
23.001,66.287
27.862,6.1228
94.012,6.6987
31.273,62.084
18.553,40.604
88.692,22.974
75.12,39.916
20.775,96.144
10.101,18.708
87.812,68.888
84.074,2.7404
74.082,16.499
98.511,71.124
19.694,46.845
23.635,25.49
82.164,58.205
1.1316,41.103
77.07,9.6666
60.429,88.036
47.125,44.266
76.977,59.61
93.012,5.3987
33.732,73.198
64.458,50.742
55.716,55.512
0.93932,26.699
91.181,55.66
4.1501,26.204
63.129,67.891
20.812,6.3725
92.944,59.375
82.826,72.218
44.535,29.481
95.003,60.082
20.364,19.775
55.309,92.073
90.386,17.811
9.9789,56.102
66.628,37.225
1.9552,27.88
37.297,31.485
66.081,42.944
14.731,95.672
20.411,39.257
93.87,77.779
8.5508,66.315
68.867,39.675
49.242,58.095
22.874,31.536
44.02,37.015
76.809,73.923
28.736,3.6722
63.677,31.517
90.78,15.673
74.528,97.229
21.012,10.261
98.457,0.14284
61.278,48.416
8.9448,17.604
64.724,14.515
16.457,99.149
74.497,31.921
47.279,43.447
66.887,35.127
33.099,5.0663
56.403,37.323
71.791,79.289
29.466,18.748
30.546,12.51
10.822,45.453
92.73,5.9961
63.923,37.418
38.242,23.449
55.445,59.26
47.129,34.864
93.303,66.713
18.441,77.968
9.4055,96.612
48.209,42.079
5.4574,99.547
38.733,22.843
42.159,61.331
81.411,10.856
93.543,59.723
68.242,35.848
9.5644,89.426
13.365,72.435
26.863,59.503
57.859,1.2167
27.275,39.792
81.583,84.081
77.284,12.226
92.552,27.464
66.58,49.556
3.7534,35.274
18.801,36.339
61.956,58.835
79.248,9.4077
29.448,55.295
92.185,76.474
48.191,61.819
14.476,35.605
94.489,25.328
29.322,55.207
96.978,57.745
54.999,87.062
75.08,51.331
47,41.857
69.125,0.20217
25.401,92.041
69.516,67.46
77.563,14.005
41.337,55.384
57.114,77.017
98.62,90.832
44.008,58.542
22.383,72.729
69.421,6.3686
89.468,41.436
15.048,10.031
76.944,66.493
14.668,47.136
18.898,27.962
18.294,59.824
70.025,84.391
59.626,53.549
32.277,93.672
30.289,58.17
26.64,55.369
48.137,87.221
15.35,23.076
63.362,4.739
1.5022,18.614
48.104,30.013
1.4935,72.686
34.639,37.072
35.585,63.779
83.327,49.969
1.5044,48.615
37.234,67.523
24.111,44.555
47.028,47.854
37.094,12.076
39.505,30.857
25.141,17.101
89.689,37.953
26.641,25.402
97.037,95.769
6.5232,96.886
51.024,60.708
20.402,17.788
4.5429,30.153
87.278,55.497
24.373,10.37
13.692,73.895
75.209,14.983
8.272,58.257
28.77,82.58
34.518,59.634
80.437,82.125
33.415,72.426
31.737,43.928
78.386,27.444
20.333,56.417
26.696,7.7106
57.031,0.0099999
43.907,89.034
41.995,59.423
80.136,58.944
63.019,54.615
36.949,24.703
19.884,1.6799
60.916,69.53
39.394,38.044
70.56,60.244
17.374,96.068
17.506,68.257
54.041,61.704
74.156,8.7653
61.251,84.79
43.072,91.115
82.924,56.864
40.005,6.9606
29.042,79.051
25.809,92.046
29.845,34.04
23.479,66.795
69.527,37.361
43.195,16.509
67.671,92.733
20.91,45.574
60.389,75.917
41.42,53.836
31.866,80.925
30.933,30.663
25.4,55.538
63.086,13.009
10.403,94.601
35.358,66.893
3.4798,50.052
84.243,85.866
51.907,77.997
13.691,14.427
55.329,8.7497
63.586,33.59
48.346,57.807
21.811,21.677
15.292,65.487
88.015,2.1528
92.264,85.598
84.421,78.962
42.455,7.9665
33.247,8.1696
24.211,1.8165
89.239,75.512
67.853,51.351
12.95,12.94
29.128,47.747
12.302,19.489
81.961,17.752
75.786,42.797
96.122,6.9706
97.243,86.991
71.14,20.185
11.675,5.567
94.09,27.584
28.154,0.17094
74.303,34.241
19.973,38.203
95.037,63.407
51.09,33.679
30.502,21.306
0.27867,9.0387
79.951,58.53
76.956,66.527
91.162,0.056882
60.759,31.922
71.392,79.514
59.93,68.519
91.36,22.334
92.662,35.27
60.92,76.802
55.471,3.8712
59.111,24.149
54.628,38.366
15.622,77.473
78.579,36.137
17.18,66.671
0.50543,6.0476
63.26,17.466
16.835,31.528
96.638,73.322
39.601,70.389
42.048,75.779
36.822,63.497
14.148,15.298
68.048,68.349
31.527,78.802
47.767,2.2707
35.542,24.439
14.433,79.95
27.676,40.409
87.696,55.662
13.952,14.625
99.891,68.553
9.8737,22.718
42.888,22.024
58.958,81.346
8.5699,25.488
80.608,44.165
67.815,93.243
10.133,3.5019
61.413,8.9112
41.67,16.494
51.329,84.034
83.403,9.3898
72.125,30.439
49.324,55.06
71.248,40.032
61.512,92.553
13.636,65.022
76.773,68.751
16.622,96.657
63.812,78.677
97.407,89.71
71.74,43.783
46.041,83.212
27.351,67.128
37.4,47.859
55.339,28.407
50.983,38.753
87.513,63.768
19.886,38.969
79.278,41.585
62.359,71.409
11.329,84.529
99.209,64.83
69.704,31.3
78.86,3.1366
92.229,50.288
80.637,84.011
20.658,97.762
75.598,26.166
16.436,91.742
24.688,43.036
74.195,43.215
0.36342,29.313
11.212,40.845
1.1071,14.248
29.31,52.697
10.962,7.2048
59.378,19.813
21.297,72.406
77.519,47.868
8.8008,50.41
67.42,73.95
18.472,98.32
6.8935,89.286
0.17385,83.979
38.278,89.124
35.082,77.977
46.059,38.727
91.285,82.99
70.21,46.564
60.385,31.262
47.863,18.94
2.9107,83.134
7.2907,50.403
80.147,31.751
1.4218,3.6687
94.246,96.633
56.651,40.611
2.3547,1.4917
78.375,36.122
88.571,45.518
48.251,19.692
35.508,21.484
74.552,2.4336
6.2578,2.2002
28.198,89.708
95.239,78.819
37.609,58.56
28.389,60.798
91.152,48.619
18.788,20.652
42.701,94.257
5.2324,12.924
75.826,8.745
30.543,7.9776
79.481,76.565
91.419,34.996
81.274,91.948
47.87,54.527
99.371,45.193
83.519,10.026
92.664,89.807
35.817,93.748
99.936,33.922
27.434,67.654
46.795,67.562
41.188,39.848
81.91,83.77
69.366,88.689
30.887,28.591
68.535,49.365
25.298,41.38
91.903,81.831
3.0101,16.405
41.278,35.106
99.312,93.748
50.994,84.698
72.622,60.135
1.1883,58.753
17.311,21.318
58.478,35.179
29.148,29.601
58.984,75.432
48.118,76.843
56.461,69.734
68.589,77.96
27.343,37.105
28.304,8.7196
21.353,5.5537
93.265,21.328
67.549,23.916
28.534,35.901
24.306,66.16
25.777,95.014
20.474,38.993
64.326,82.033
77.006,27.975
8.5043,10.645
3.8918,21.727
84.788,92.667
56.477,5.0671
40.718,5.6446
57.478,29.086
24.737,52.281
69.078,74.381
67.794,36.395
70.921,90.812
98.855,26.883
80.653,58.853
2.4747,35.344
34.114,37.966
75.736,58.763
98.791,12.356
73.16,55.853
34.315,30.619
7.7183,74.098
18.686,90.103
58.938,2.8839
47.577,11.9
16.278,62.088
82.836,1.7274
31.53,86.254
69.431,46.701
37.055,1.844
4.017,44.545
88.002,36.211
61.961,61.396
41.229,61.691
33.209,2.914
54.769,90.814
4.1999,36.361
52.648,53.048
87.095,24.542
30.06,92.577
51.277,24.573
17.506,28.302
37.573,0.37513
83.444,78.548
71.508,51.9
71.179,83.117
45.219,19.594
18.442,38.205
15.259,31.932
10.656,94.198
60.136,60.419
76.507,59.096
34.874,23.376
55.716,79.033
21.821,30.669
0.75259,34.832
99.938,85.289
97.151,99.667
15.369,60.921
95.802,55.205
26.019,32.312
39.114,50.491
3.4384,42.303
11.235,37.602
7.303,3.8996
42.42,38.965
98.582,32.591
27.153,61.888
30.155,28.771
12.893,99.106
45.723,86.651
14.01,23.159
29.133,62.047
95.26,0.4884
86.557,87.546
91.644,21.031
61.67,76.586
2.7807,15.304
95.426,26.022
10.835,4.5065
81.425,18.577
8.0434,73.232
84.319,51.763
50.246,28.605
76.212,80.057
92.937,12.887
28.183,7.9221
98.675,60.348
39.383,70.681
60.559,87.59
36.283,38.928
43.644,78.427
15.413,11.42
40.13,62.465
87.131,94.369
69.502,23.763
93.361,11.208
95.981,80.037
82.081,12.956
81.943,77.546
14.011,38.85
10.394,62.746
32.788,86.753
53.993,91.494
2.4809,4.969
21.429,31.014
99.315,57.869
36.365,28.928
20.086,21.236
97.719,80.55
24.614,13.415
92.011,38.235
67.975,21.38
4.372,33.08
13.401,31.508
58.198,7.9912
69.948,8.3068
49.274,82.183
63.422,30.171
97.961,18.971
94.383,70.149
19.783,18.506
85.339,21.987
66.657,76.844
24.843,5.4675
25.294,40.848
33.313,24.582
20.809,84.512
54.38,67.066
8.6831,73.341
47.545,19.781
57.493,87.962
32.748,41.32
21.721,75.681
61.7,86.876
37.472,4.6763
11.498,2.0276
15.523,86.465
58.883,54.831
25.149,84.286
69.049,64.184
24.362,13.225
13.412,7.9434
19.09,56.659
49.125,70.232
84.119,34.601
16.485,57.707
80.405,82.407
25.604,54.79
27.532,97.819
8.7146,3.4155
81.039,88.856
32.554,51.9
21.348,87.292
98.838,16.188
9.2602,21.777
40.407,12.695
23.895,29.262
45.128,21.034
74.292,18.317
45.966,11.166
9.9775,69.658
30.223,94.054
57.213,20.124
17.543,91.754
34.291,67.926
20.878,54.419
95.804,5.7491
33.109,78.565
86.481,92.264
45.56,52.412
68.288,67.066
56.666,5.1293
99.32,45.45
36.883,93.37
73.795,4.6362
50.823,76.886
44.167,14.512
58.634,4.0567
46.766,92.75
54.881,38.641
45.77,45.69
93.016,27.058
58.961,44.373
67.063,97.573
79.516,56.981
61.898,0.10968
55.094,15.037
87.047,12.006
20.846,9.8812
79.048,41.662
76.148,57.211
83.177,56.001
46.952,3.2343
79.559,41.043
12.862,84.565
24.419,37.403
82.104,67.36
35.83,71.393
54.196,90.594
65.191,4.779
57.455,35.37
35.171,33.665
74.445,67.375
24.453,30.246
86.979,88.934
14.552,0.096802
42.031,26.635
43.606,52.534
68.124,5.9454
81.116,65.976
67.322,48.322
50.926,53.713
65.485,90.917
49.013,79.137
3.2038,18.778
44.632,36.309
48.082,5.636
8.874,35.704
36.553,68.352
46.372,25.034
69.615,13.982
40.196,28.447
34.044,70.03
79.037,19.873
34.699,51.005
3.2239,49.234
50.917,16.433
96.349,41.538
55.798,42.324
77.951,88.891
75.665,64.492
7.7089,36.758
11.566,3.7504
45.991,25.444
18.094,83.921
94.779,1.6821
38.27,3.9673
31.441,36.275
61.441,56.304
94.319,56.292
84.87,38.604
0.20237,16.354
73.927,51.838
23.879,24.296
39.823,14.145
18.657,38.499
37.637,96.107
32.514,61.734
52.682,54.755
54.785,60.504
27.241,90.128
94.173,5.0964
66.586,42.589
35.487,18.7
61.723,48.137
50.41,4.0934
15.896,39.259
35.564,92.873
20.373,18.69
11.431,27.332
72.625,75.243
72.541,70.083
98.549,66.335
34.055,29.805
25.69,23.624
87.382,45.23
18.696,26.129
25.346,84.482
59.501,98.03
86.8,98.916
27.432,55.745
25.679,96.658
81.688,29.704
87.81,53.088
46.56,43.06
94.492,71.091
76.28,44.449
20.708,34.837
45.329,9.2742
86.463,25.549
63.797,16.993
62.965,74.708
68.944,13.151
18.187,64.15
79.71,58.596
3.1194,58.002
1.1597,11.057
47.087,4.6293
34.063,92.215
19.89,26.028
61.783,24.594
15.902,51.039
88.025,8.7902
70.264,12.416
45.174,67.336
82.739,57.664
18.916,86.522
43.602,43.99
23.645,8.7101
75.891,80.611
84.852,86.147
87.597,19.479
97.57,67.416
55.77,82.466
77.69,5.6262
13.289,51.181
13.171,34.101
14.96,41.982
72.52,20.815
28.013,58.987
8.7517,43.398
10.563,58.98
89.956,52.753
16.555,71.115
63.635,6.0975
19.066,69.5
18.599,37.501
25.216,57.591
46.907,93.943
36.271,4.4714
33.056,68.208
75.93,92.569
20.939,79.325
1.3545,2.7255
42.529,76.798
30.821,33.725
12.323,52.193
60.224,26.649
39.255,57.82
88.651,13.031
59.206,49.432
7.1975,52.236
31.761,70.421
77.889,52.93
34.772,37.086
11.636,95.638
17.588,48.5
0.40142,49.366
54.727,81.485
27.901,30.585
81.891,88.656
56.258,85.46
62.699,42.259
0.41427,79.953
11.584,24.272
81.082,58.53
68.698,64.294
11.155,60.198
15.072,15.248
24.4,56.231
43.382,56.065
28.626,22.136
98.288,89.478
74.185,58.239
64.909,49.476
87.606,56.004
78.936,73.348
37.291,23.639
96.039,42.933
76.798,40.215
89.31,72.406
39.917,86.86
22.971,36.352
44.232,91.177
4.9364,97.732
42.205,38.229
0.89882,24.692
87.908,46.524
73.303,70.599
5.3326,57.692
75.608,67.716
68.07,14.914
80.352,39.84
8.8365,45.277
71.225,92.26
5.3081,45.352
44.715,16.308
74.363,68.989
73.032,61.729
42.331,8.3095
37.996,20.279
23.03,75.773
26.111,50.925
67.7,66.554
98.533,48.263
90.984,14.602
61.598,76.868
1.2664,81.556
63.136,55.648
7.8622,30.588
3.3602,84.483
33.659,54.211
24.51,68.797
80.336,92.995
69.973,16.562
87.029,67.689
22.035,27.643
49.426,61.564
74.786,83.601
46.845,77.792
3.035,23.701
36.319,23.808
16.723,87.363
36.6,76.523
84.242,49.894
1.2735,47.077
75.152,7.4523
82.039,56.795
13.376,88.283
29.498,94.994
24.452,30.116
61.991,73.642
19.557,97.763
51.933,79.032
30.321,37.373
77.499,82.647
60.386,81.867
47.559,46.153
9.7474,26.131
64.648,38.384
41.734,10.298
64.057,66.849
55.122,43.399
89.366,52.764
50.807,0.53002
92.601,57.681
82.693,10.899
96.411,58.89
67.099,83.054
87.443,74.188
3.904,30.638
87.747,61.5
4.5408,47.557
58.525,99.806
53.376,90.238
63.062,55.773
30.07,8.0701
51.623,38.947
41.067,35.238
47.484,73.427
88.157,23.279
28.146,66.036
49.728,13.123
97.305,28.079
2.5064,17.362
11.03,88.936
62.285,93.967
34.838,57.524
59.432,14.946
57,16.964
26.088,8.4895
25.026,64.113
89.782,86.983
33.815,77.464
12.168,52.864
32.662,50.598
51.407,76.584
60.863,24.75
38.636,77.071
60.229,20.225
43.131,66.462
94.306,57.869
41.395,72.473
63.458,82.562
19.615,92.893
47.912,18.697
17.912,44.308
33.91,36.435
48.424,36.755
17.132,97.743
59.229,73.729
48.425,45.7
0.49092,1.0439
59.029,82.121
86.943,95.955
87.353,60.251
0.42772,46.583
67.296,14.161
97.455,33.855
39.357,94.344
28.485,14.733
2.1142,53.057
99.503,53.813
58.717,31.239
17.286,69.747
42.246,14.262
2.8521,72.488
72.256,69.783
42.199,10.404
60.528,4.2306
39.141,25.188
27.049,99.011
57.871,9.0398
1.9561,57.27
86.064,68.456
88.871,72.478
55.685,36.837
95.159,47.769
69.66,27.237
33.538,2.1581
79.555,48.398
21.962,82.814
22.792,96.732
35.354,39.036
42.052,46.583
33.473,59.517
44.939,56.698
37.83,7.0256
21.462,30.31
23.834,58.457
64.045,88.378
44.097,77.494
91.516,36.562
47.643,34.597
69.48,55.462
82.89,54.632
28.4,62.096
88.353,3.3121
27.062,52.252
87.7,90.734
92.689,43.064
22.653,42.165
30.226,72.057
91.944,17.328
72.888,47.441
58.643,64.176
13.193,99.958
98.369,29.756
37.775,4.1408
58.213,10.612
26.546,82.788
80.043,18.39
87.885,56.656
59.847,84.063
20.676,43.355
81.323,40.839
67.551,60.03
1.9631,86.169
54.236,8.3729
57.8,59.919
87.824,75.401
46.535,52.385
39.467,2.2898
75.43,56.473
19.879,84.512
3.1002,53.05
25.617,81.908
53.878,14.523
47.868,57.902
20.718,93.466
64.901,28.067
11.402,96.381
29.816,47.794
72.506,9.4393
74.414,76.233
84.566,48.538
90.985,35.286
19.472,67.5
64.519,1.4816
28.78,0.30602
16.885,21.67
47.026,0.29164
35.478,31.869
36.284,24.627
16.355,75.278
77.765,74.48
75.036,13.251
55.532,19.195
1.8315,9.7734
14.577,5.6179
62.636,82.886
58.126,88.863
11.243,74.201
22.97,33.688
46.536,26.622
71.147,85.576
59.343,8.4712
11.924,97.069
91.02,26.293
29.669,82.939
79.868,58.572
16.61,12.857
68.632,60.474
10.548,67.065
59.978,81.601
51.456,77.171
89.039,31.126
87.675,22.275
11.164,32.009
70.202,13.517
95.008,7.0918
25.546,44.075
18.282,97.994
16.832,14.578
49.881,41.037
56.603,27.722
47.23,71.577
54.262,96.082
3.8671,5.9709
8.1374,37.17
99.779,23.457
41.627,56.028
33.904,91.797
5.3001,60.589
64.308,6.7237
90.704,25.135
89.347,82.851
93.295,13.518
17.562,15.157
67.862,91.198
49.163,91.454
39.924,78.98
74.152,2.1786
52.659,25.492
52.104,5.9544
72.523,71.701
50.618,10.88
86.786,16.623
83.402,30.794
28.16,49.597
60.772,35.593
43.446,92.824
11.905,23.905
87.299,79.161
96.094,81.277
84.674,51.322
0.61198,13.248
10.382,81.662
95.099,28.082
22.438,20.15
46.004,37.068
81.139,10.099
31.924,72.24
53.429,30.713
75.723,57.089
20.251,20.095
56.046,96.74
88.017,40.875
46.991,18.582
88.45,59.757
25.433,18.577
7.5157,7.39
88.76,39.446
97.298,42.635
12.182,14.955
54.311,56.636
18.229,86.888
68.512,44.766
29.123,65.426
92.046,81.197
27.039,96.905
58.535,10.87
38.351,86.487
67.073,87.044
55.605,23.369
65.416,95.338
39.882,50.083
99.167,52.505
68.804,15.822
86.512,81.445
89.534,98.97
10.795,61.593
73.493,71.807
53.741,11.71
83.463,79.397
5.5736,22.686
81.254,83.111
72.23,87.496
51.239,81.685
29.751,19.11
17.326,32.927
40.139,41.56
77.881,89.758
51.141,30.726
86.89,17.469
51.008,44.321
68.824,2.7199
18.19,0.24581
42.199,85.435
60.713,51.61
70.999,28.65
88.689,68.032
85.057,87.551
1.3312,13.436
56.335,53.96
61.763,99.423
40.734,19.582
59.616,70.742
79.623,25.463
87.613,77.582
90.978,17.991
35.111,69.919
57.922,84.033
62.896,96.08
62.142,32.81
56.441,63.733
85.846,51.274
12.153,53.712
26.74,7.5248
77.666,78.949
82.339,46.02
63.199,30.647
26.937,19.476
60.551,75.555
15.326,23.277
4.6539,80.023
38.936,17.962
14.3,97.823
36.672,56.269
31.232,90.495
40.877,38.881
89.721,74.061
67.779,9.2468
77.407,3.7833
90.738,77.597
64.695,24.436
36.951,30.174
26.728,99.264
50.993,67.678
59.652,86.377
95.638,75.275
75.689,87.09
69.07,13.958
78.166,44.044
14.463,39.361
58.366,96.977
55.375,65.439
29.374,85.942
45.536,59.988
44.004,30.38
69.122,94.153
87.074,2.1093
70.356,95.866
48.785,17.233
92.989,63.12
24.853,35.353
93.664,63.631
20.716,36.287
16.598,42.924
2.7243,44.515
75.911,67.215
67.357,19.846
10.246,36.583
1.4071,41.492
30.957,77.94
4.8069,14.395
90.33,62.937
11.436,71.447
7.1761,23.61
1.8712,52.545
22.791,98.635
76.911,21.274
6.5095,40.09
69.908,55.7
73.967,66.617
50.381,84.848
94.775,9.8522
45.454,34.91
45.9,35.939
56.08,59.998
9.887,40.502
0.83173,63.032
60.628,73.126
20.13,0.36178
40.665,6.8779
85.508,56.518
92.716,58.384
54.435,80.333
70.583,16.097
78.602,51.613
85.355,13.288
21.014,62.287
3.677,58.965
61.739,12.301
59.095,59.117
29.526,30.752
96.486,48.981
36.122,81.932
89.744,41.764
32.35,84.752
49.271,93.827
90.054,94.618
0.53072,22.949
97.641,97.276
23.287,7.9026
39.469,68.816
2.0757,6.3186
71.301,3.7439
78.167,95.858
5.2563,39.719
56.324,13.821
75.536,60.286
75.001,44.117
2.3849,8.7834
98.898,67.629
36.467,81.602
78.406,47.693
59.766,74.064
84.965,82.701
95.1,14.818
64.016,63.56
68.08,33.701
16.466,2.9026
99.691,62.429
87.501,93.119
52.44,87.063
48.567,23.739
11.618,70.616
88.282,76.777
73.601,65.248
99.519,52.735
97.345,10.634
5.62,95.588
28.495,96.295
63.031,10.579
74.39,66.089
18.723,97.728
28.696,25.619
75.235,13.482
25.173,48.083
43.749,39.973
62.404,56.255
76.956,87.536
35.293,70.561
79.569,83.652
12.236,65.952
2.8381,22.731
30.742,93.795
50.769,0.60268
38.202,98.266
36.732,83.802
77.257,47.8
44.84,20.048
88.342,11.188
75.463,50.818
70.676,93.539
50.319,32.859
40.181,42.243
57.798,55.836
33.511,30.623
87.41,8.1772
2.4775,90.511
56.091,53.141
36.721,80.271
58.411,25.044
9.4977,77.145
14.196,46.397
12.801,67.528
48.662,33.156
19.857,40.957
31.031,82.211
60.977,46.567
73.874,37.732
10.209,34.462
24.365,85.058
40.941,45.579
49.623,54.907
24.963,4.6929
93.655,7.3238
11.42,18.835
74.829,78.667
73.809,8.2189
7.1973,29.809
87.851,94.035
42.797,24.043
93.377,45.419
97.519,78.021
3.0971,20.537
38.265,24.448
26.16,81.74
10.27,32.128
46.559,58.375
57.598,12.473
85.256,21.579
66.233,17.015
28.361,94.217
79.238,11.403
19.983,99.274
59.081,9.1491
40.554,19.766
12.203,21.336
22.264,61.313
23.467,56.436
70.606,85.229
80.793,79.416
55.084,83.687
79.789,88.823
42.535,20.001
4.6852,32.563
99.98,96.052
50.744,95.786
74.67,35.073
23.352,1.8909
82.59,65.825
88.87,97.112
87.137,11.253
49.159,45.377
35.063,10.368
60.02,79.712
33.08,70.934
14.213,57.329
64.985,98.11
56.331,8.1852
36.828,44.698
71.958,32.335
94.788,15.561
81.906,41.514
64.969,16.143
49.577,59.399
52.8,76.08
1.3403,16.488
88.294,86.384
33.73,2.3485
95.174,89.917
54.925,99.436
72.324,33.389
41.807,82.148
75.142,38.464
71.309,87.302
9.1793,15.701
66.88,54.092
37.119,5.5314
31.899,1.0209
7.7528,13.852
59.56,55.855
3.1175,29.277
10.446,3.239
94.491,0.7063
25.689,76.349
6.0035,0.74396
67.66,1.2884
67.714,77.021
92.709,21.769
84.897,12.564
98.266,61.94
67.526,88.869
9.2574,40.441
4.5121,58.118
2.79,67.315
42.294,11.81
46.152,17.143
35.542,51.741
71.641,47.708
78.944,36.94
92.222,42.703
3.3389,90.573
60.096,71.964
69.788,15.867
87.008,11.836
73.676,95.451
89.464,65.613
4.8782,69.609
70.442,25.761
71.627,32.722
42.491,56.654
37.245,49.476
28.004,95.2
92.344,41.036
93.748,5.4919
80.515,40.101
14.307,64.355
89.211,31.746
55.111,7.0912
85.718,70.567
98.714,54.549
11.655,18.595
97.23,48.269
75.844,54.453
2.3889,29.701
65.082,32.932
68.352,32.486
24.288,11.823
46.557,59.021
49.099,12.878
97.84,78.033
16.083,8.3706
38.544,37.289
16.677,25.127
62.657,47.558
83.226,61.47
65.774,49.955
52.077,8.294
55.113,75.99
17.412,25.757
32.441,4.1987
9.2221,90.115
66.792,31.464
50.305,56.169
20.244,12.954
15.056,20.917
60.892,70.757
82.225,83.143
21.765,6.7876
30.171,90.91
71.24,3.2615
57.071,81.509
66.391,33.193
69.232,18.503
51.052,86.401
63.666,11.791
54.933,54.173
6.0393,31.427
73.096,10.142
87.667,89.971
73.666,63.4
50.911,69.593
83.466,23.108
93.345,4.9554
79.923,21.252
46.319,21.166
73.264,37.761
31.441,0.13495
20.365,30.702
40.403,37.658
17.183,84.903
45.717,42.453
62.965,35.893
89.655,51.388
88.603,87.011
47.373,65.973
63.661,50.694
60.255,78.88
89.12,62.089
25.141,35.935
72.525,96.508
92.896,81.186
98.003,55.964
34.041,80.208
84.28,96.64
20.798,38.965
78.35,29.589
1.0886,10.704
51.018,26.385
25.077,55.147
14.227,42.473
53.118,45.78
28.92,11.524
72.254,53.871
65.281,18.22
21.462,31.398
7.8776,31.992
70.769,23.429
11.925,96.712
76.274,34.832
62.214,1.887
1.2123,54.202
35.41,50.586
98.232,25.606
89.995,96.604
35.869,90.47
15.671,42.713
78.269,62.473
33.71,38.772
57.502,30.901
61.785,28.884
72.438,27.66
55.398,63.767
68.244,74.348
26.414,80.732
82.296,76.564
67.009,28.151
10.911,93.009
27.814,3.5587
91.781,65.202
16.49,85.647
84.468,81.077
32.167,40.094
35.649,3.8658
60.272,33.806
91.181,48.029
78.991,15.242
63.599,65.125
72.536,49.599
13.523,27.168
94.93,84.478
50.036,21.366
42.341,44.138
17.107,78.684
80.936,13.318
61.177,23.692
73.884,35.656
50.599,48.337
87.768,42.364
53.271,5.0531
43.299,97.131
47.935,79.957
5.255,11.281
67.869,57.601
27.332,4.2513
69.379,9.7047
77.105,42.854
4.6176,99.001
27.296,79.675
87.756,0.82211
62.387,65.9
42.803,89.113
77.297,32.12
46.447,90.727
80.48,26.671
50.476,52.766
49.625,30.142
90.673,76.892
79.821,81.964
22.419,0.94087
40.621,75.834
94.635,2.438
29.088,74.046
53.671,89.469
18.595,51.139
60.439,73.65
66.803,65.122
8.831,87.134
39.232,60.119
72.9,45.324
82.534,41.857
37.876,17.252
0.93545,77.115
6.7499,57.077
33.248,99.729
79.355,66.316
11.399,29.343
63.239,89.283
38.198,82.214
2.7206,8.241
24.301,37.757
91.039,75.201
73.86,21.297
5.3142,44.496
5.2494,26.855
83.38,76.451
61.874,55.515
50.988,49.592
72.437,54.653
22.545,28.077
9.775,59.067
58.011,16.186
67.725,47.129
23.589,18.659
41.188,78.232
67.766,9.1778
88.271,2.1966
85.169,38.707
19.657,87.764
23.112,62.328
28.096,13.157
87.937,19.482
79.524,41.991
31.571,98.943
41.607,32.357
35.123,71.934
98.662,3.5787
6.654,81.75
81.292,18.252
44.349,51.791
53.407,96.278
99.289,13.389
20.624,86.967
10.922,29.042
85.443,30.954
94.191,52.803
45.547,30.748
41.659,14.307
85.725,35.756
78.176,4.6625
98.702,87.458
38.816,54.865
55.311,76.021
11.553,91.537
29.232,27.052
18.221,76.182
87.077,68.257
94.237,11.127
89.173,9.7684
13.811,56.204
3.1193,35.305
53.644,13.721
75.371,86.489
66.89,37.809
48.175,85.627
31.8,17.289
23.944,19.296
68.547,3.7193
55.673,8.3341
55.007,97.634
96.758,64.363
45.274,13.395
69.675,44.487
28.182,23.403
32.81,15.331
16.421,22.715
57.681,62.89
33.034,85.522
75.012,25.571
34.287,69.248
33.201,19.929
73.672,37.213
3.8095,39.345
6.3293,66.506
97.27,47.069
52.669,31.887
81.63,30.594
14.743,58.702
59.655,24.602
44.816,22.898
89.73,4.0078
80.439,88.819
82.604,61.758
60.658,68.798
85.427,82.119
87.88,76.527
88.422,24.946
75.213,32.34
98.983,88.195
7.6038,95.477
33.017,28.967
37.156,31.326
28.06,32.403
52.634,49.135
70.802,27.308
49.528,46.793
89.933,99.181
91.316,42.147
86.707,6.2639
57.023,28.453
95.302,76.728
24.443,56.863
81.993,82.204
16.399,46.202
88.389,8.7977
89.028,59.5
71.664,86.003
52.599,33.35
91.106,28.348
23.002,3.9361
51.083,98.437
10.714,7.0387
51.373,69.253
23.679,21.507
44.792,58.997
2.318,22.932
39.361,48.202
53.549,63.838
85.382,91.218
75.211,6.534
97.935,92.811
21.512,95.37
17.315,79.619
17.293,34.795
44.193,78.563
82.999,94.762
6.0915,49.896
1.5387,50.843
52.622,1.6052
12.511,90.565
32.654,41.953
28,50.412
47.701,34.144
76.595,40.731
63.673,20.704
96.862,62.872
13.322,8.2318
78.883,96.553
66.088,90.021
94.903,24.079
39.856,92.006
82.225,11.024
62.502,39.918
30.451,48.044
85.681,13.021
38.446,98.857
74.393,79.955
48.178,19.477
5.9313,29.002
48.346,41.198
81.035,8.256
18.845,93.784
74.016,21.685
23.548,33.654
28.034,34.527
41.119,50.671
67.416,17.252
52.986,85.144
36.359,85.969
13.429,14.761
44.561,21.037
34.485,35.528
42.461,64.19
77.615,34.972
40.072,18.461
76.779,15.756
60.525,22.269
96.583,14.964
28.827,69.512
13.496,14.385
12.556,33.559
29.728,7.7098
87.028,31.827
94.921,92.971
3.2049,44.211
78.97,60.716
93.352,3.222
62.915,81.043
87.082,77.117
37.452,75.388
44.305,10.741
96.762,84.597
12.037,55.007
55.972,90.519
99.591,59.1
7.2677,51.08
42.777,97.307
78.04,96.882
5.6601,97.056
51.975,62.967
79.062,42.118
76.081,47.569
12.563,30.816
26.929,80.644
32.256,29.104
17.908,28.059
72.807,83.604
6.0184,99.523
16.778,25.438
22.088,43.686
0.47587,85.409
29.727,42.745
34.694,34.797
22.154,48.618
50.748,32.967
3.0408,44.732
60.364,73.529
28.456,72.817
71.236,53.245
84.158,8.1098
33.935,17.796
88.633,92.872
42.942,57.519
21.286,99.282
0.9703,82.703
44.147,41.426
56.573,45.775
48.582,81.648
12.126,25.019
18.513,39.202
12.948,45.572
85.895,8.5443
54.28,34.488
87.378,51.412
16.304,34.051
53.09,21.296
21.738,11.786
71.148,56.557
99.395,20.576
85.572,45.872
34.057,82.609
44.665,83.16
70.678,72.975
80.976,95.601
29.92,23.886
91.507,77.649
20.445,81.083
4.63,20.362
88.823,40.217
57.945,86.942
13.995,47.819
63.616,61.73
97.875,13.675
31.01,36.652
29.222,9.0376
39.388,7.9597
64.401,85.466
69.199,13.821
6.5256,24.03
22.09,28.97
12.001,86.053
37.342,46.091
75.626,99.981
48.64,89.045
84.655,96.744
75.963,65.11
44.016,23.907
8.7791,29.296
57.242,32.961
57.547,17.053
84.524,96.317
1.1542,76.775
10.599,42.196
7.3153,7.791
75.767,80.838
48.935,98.273
25.405,36.369
90.91,64.045
98.982,83.196
78.476,9.8186
5.3873,13.185
68.69,18.364
6.5107,17.566
72.846,82.575
84.245,21.356
2.1749,82.266
93.423,33.673
23.119,17.897
26.888,26.887
46.372,81.169
6.5672,84.584
10.917,74.294
28.089,82.858
45.957,83.036
2.7376,17.963
30.407,24.413
55.389,12.681
35.973,32.157
49.905,41.913
80.43,93.209
4.3584,76.574
20.528,57.017
18.183,54.536
13.392,11.113
99.229,33.115
12.388,61.771
89.962,68.355
66.281,31.711
5.7563,65.717
97.059,33.368
5.7478,77.588
23.148,27.986
42.916,42.385
3.2109,96.718
42.477,69.206
9.3023,34.745
44.771,59.985
36.934,99.948
68.478,78.857
6.7094,85.294
13.247,92.485
79.923,87.843
79.145,11.714
82.742,55.879
57.599,53.975
74.563,73.999
58.91,81.699
52.554,38.498
81.87,86.15
51.32,98.618
82.199,56.005
92.978,2.0974
8.725,75.101
70.304,39.873
29.295,8.5215
83.793,27.464
66.636,41.537
51.783,34.231
95.315,62.407
25.24,19.799
54.971,44.838
26.905,3.0137
65.086,60.944
86.886,60.663
99.717,61.513
17.202,17.091
42.791,25.808
61.188,22.47
85.572,54.076
61.74,0.080488
7.8424,88.563
58.983,47.856
2.6045,26.654
26.571,83.369
19.045,65.463
61.31,26.699
11.101,93.977
88.471,57.146
99.101,43.145
36.503,57.103
87.492,58.803
92.757,19.755
60.424,17.841
2.4623,63.153
86.065,83.185
2.5325,89.307
80.98,94.309
69.884,23.233
96.565,43.073
65.357,21.228
42.073,84.806
79.299,74.415
79.959,93.947
19.529,11.06
10.606,37.588
0.16116,46.8
98.213,29.608
40.553,59.84
1.7091,52.437
2.5108,63.381
52.259,87.644
93.771,0.49876
34.465,48.061
58.049,50.114
54.75,96.425
21.83,43.938
0.55777,60.34
2.2237,99.649
72.529,19.2
29.889,25.469
62.485,88.982
5.0416,16.731
14.344,25.631
99.646,85.6
72.051,76.292
35.31,42.223
88.657,16.791
38.965,16.496
96.239,23.134
15.265,1.8625
70.044,55.735
1.6277,39.83
62.009,70.018
89.728,77.029
74.501,16.607
23.785,82.019
96.89,59.13
23.783,88.99
64.843,56.794
40.363,42.494
68.101,85.869
7.631,22.86
76.296,37.057
22.725,63.669
75.001,73.186
61.652,16.972
31.511,59.231
93.482,3.4929
12.101,1.0737
34.463,93.126
28.556,88.454
72.616,9.956
62.957,11.533
42.753,29.643
64.036,59.622
89.64,47.936
3.4268,90.841
73.778,74.7
73.448,43.235
9.1984,8.4811
42.562,82.611
72.505,98.062
90.373,54.559
72.971,57.652
94.621,75.839
25.481,35.438
46.616,69.138
61.467,4.0564
15.27,4.0546
39.295,90.964
39.905,82.775
80.624,76.99
91.126,67.743
31.863,40.069
82.026,46.4
80.263,9.2087
42.395,25.567
73.499,20.916
5.3639,57.303
18.483,30.177
5.1874,61.252
8.0638,90.7
54.971,17.374
89.421,42.975
9.9444,91.704
64.014,56.445
65.727,99.689
37.822,86.729
20.324,91.164
27.868,50.784
37.339,24.986
39.898,66.392
77.637,48.859
32.795,15.381
74.523,39.692
41.894,75.868
22.242,22.114
44.79,37.06
44.078,20.289
32.434,26.105
92.052,3.5525
4.3866,64.333
70.838,97.253
40.984,92.327
22.764,52.534
0.24064,75.388
88.37,97.921
45.497,26.217
34.362,87.505
69.11,55.036
18.298,71.178
59.306,88.208
76.28,44.615
75.242,48.743
7.226,93.172
46.851,92.808
50.123,31.573
75.583,88.338
97.596,27.621
47.25,20.591
31.504,46.564
41.661,20.867
23.082,15.768
26.571,93.389
90.197,59.628
29.883,88.445
34.091,49.403
40.331,44.777
55.837,80.45
87.742,51.678
24.815,49.63
22.811,80.333
72.803,77.837
17.942,56.22
24.056,47.448
68.471,38.403
51.768,4.56
1.5434,86.221
16.132,55.806
22.452,43.562
9.2915,44.577
92.557,99.225
49.272,90.023
57.811,72.502
66.736,78.649
47.466,9.1016
18.618,83.096
47.308,62.225
74.757,4.264
0.34004,36.835
23.037,65.463
30.612,43.675
64.733,59.264
46.201,68.6
30.358,80.705
77.093,61.443
30.785,44.843
79.894,26.1
72.594,47.272
13.177,5.9625
34.688,21.753
70.878,97.67
17.301,10.29
21.862,69.171
33.477,47.396
29.45,31.867
93.637,37.632
61.804,57.356
68.969,36.464
62.476,6.7207
44.185,24.275
57.484,87.278
87.254,90.125
44.481,79.012
15.563,14.069
1.8137,95.981
74.218,7.6084
79.62,28.474
15.978,4.1058
14.288,13.551
17.676,74.765
45.783,65.152
78.607,64.552
84.812,14.817
81.351,68.572
0.43394,77.832
94.754,96.383
9.9652,1.4936
94.269,71.511
5.8142,51.133
80.206,83.572
97.682,14.752
78.616,71.093
40.677,68.309
27.726,70.483
52.147,61.07
16.047,33.982
67.819,13.847
86.755,60.482
90.278,65.088
97.603,60.959
22.691,33.727
18.452,18.791
56.689,20.556
36.116,80.694
55.474,61.513
93.625,22.946
89.448,27.917
39.737,84.128
76.591,47.087
99.372,92.304
83.79,30.645
21.23,98.042
29.393,22.928
62.663,95.269
50.995,20.74
26.892,73.774
92.589,45.509
92.06,14.283
59.703,96.234
98.476,99.712
79.429,50.836
39.018,48.122
63.661,36.003
55.458,16.731
40.708,89.582
88.784,76.602
21.847,94.919
39.258,97.562
90.969,16.884
56.708,33.762
93.853,56.078
80.134,10.503
87.626,85.522
5.06,8.4571
32.733,77.546
90.354,93.998
6.1208,5.5307
54.39,52.785
17.779,85.812
70.394,6.1936
93.674,23.952
28.805,38.518
12.771,95.658
1.8659,28.449
9.2338,50.765
29.447,6.0374
3.8468,43.853
10.952,87.018
61.875,52.103
92.846,87.978
31.739,1.9265
88.399,72.257
98.221,2.7341
79.514,85.561
33.651,13.518
4.586,29.244
81.81,16.005
45.34,92.666
90.049,39.699
35.422,84.746
18.345,23.733
83.926,74.542
80.652,91.208
60.406,31.819
19.456,3.5615
16.746,50.09
28.978,63.616
61.715,49.655
78.043,19.188
34.564,48.293
13.413,95.163
42.745,68.357
75.378,35.806
42.151,26.401
91.392,16.705
44.072,55.377
25.926,34.059
17.488,59.028
62.004,94.827
9.7755,27.847
69.114,65.189
70.837,12.132
59.274,82.03
14.836,9.3552
12.197,61.628
39.488,30.75
47.913,1.0075
9.3425,89.581
70.018,62.866
29.429,77.068
30.727,41.615
77.439,76.322
98.321,21.471
58.55,23.43
6.219,5.582
30.953,41.542
71.962,32.815
12.534,83.267
46.978,54.363
37.894,82.534
48.094,55.277
15.658,90.905
41.611,73.317
12.21,47.063
3.8606,99.927
99.559,48.871
60.758,33.933
27.073,72.727
69.405,70.269
60.427,17.535
15.441,3.5504
67.409,33.212
40.598,8.9624
6.6763,5.1086
43.624,70.572
60.325,75.85
36.334,85.359
95.973,21.352
31.03,50.177
51.188,73.175
71.069,92.562
28.017,29.135
2.4549,51.733
67.623,94.945
57.317,39.009
57.661,40.405
27.01,83.188
59.834,37.412
63.896,43.293
2.5386,30.018
38.164,67.123
1.3458,29.5
65.453,74.641
17.422,75.215
4.7933,69.523
22.282,48.874
52.888,11.553
37.939,93.316
51.616,75.19
49.57,8.4353
45.988,32.954
86.575,97.436
87.034,55.061
22.906,71.901
9.6958,23.01
94.448,79.147
37.951,28.435
89.09,22.555
71.483,53.074
74.641,10.079
64.793,72.214
13.153,83.11
86.774,40.756
39.463,48.913
86.705,55.914
97.244,84.45
5.643,80.054
92.094,19.815
61.401,31.987
35.087,72.782
73.093,13.589
20.2,88.289
78.382,19.086
75.711,89.789
11.29,99.683
70.647,9.6125
23.699,98.3
16.545,43.48
18.715,95.614
42.237,74.535
0.61175,26.679
53.408,59.169
95.821,44.6
35.134,66.733
66.279,37.961
51.867,52.988
68.901,27.583
3.2109,26.275
90.983,57.925
9.1603,20.392
24.225,84.458
8.0444,53.198
97.035,13.346
82.14,92.242
93.305,85.239
2.0905,2.0398
54.029,59.37
16.496,34.413
86.976,59.761
49.091,4.161
93.343,93.584
67.252,63.721
43.838,7.9633
40.704,49.848
94.342,95.308
91.429,29.298
71.245,21.896
70.65,49.553
90.881,71.017
92.961,53.509
68.544,91.459
89.507,21.161
10.26,9.1524
22.35,99.169
88.494,76.669
65.938,25.703
58.053,4.3828
8.1154,30.724
12.629,31.783
54.685,69.365
77.488,51.709
38.84,24.408
94.486,3.9928
38.286,18.331
99.768,24.744
35.085,31.064
50.021,46.737
75.704,5.8522
36.934,15.152
50.853,60.826
42.786,32.706
59.016,28.647
98.846,54.02
70.117,94.053
47.814,57.104
73.163,3.5852
47.794,18.947
97.74,52.201
40.401,0.94754
82.946,68.537
92.708,58.684
68.136,43.91
5.5369,14.632
14.193,90.477
62.152,59.256
18.849,60.204
9.4274,8.4772
95.57,66.369
10.332,45.229
11.94,56.415
1.3679,52.822
39.749,89.124
43.769,28.85
42.711,61.264
35.319,45.279
13.019,66.593
85.658,55.649
36.149,99.057
29.545,73.461
35.514,85.678
45.781,39.851
20.584,16.606
87.441,6.0577
95.843,45.009
43.037,93.095
71.913,40.278
4.2328,89.937
33.232,4.773
10.372,42.984
21.999,63.724
71.055,92.553
22.3,78.471
2.1168,27.536
21.413,39.365
22.661,83.271
44.782,98.162
42.303,91.333
4.3704,18.651
3.4343,75.775
63.07,34.141
68.247,1.2791
35.947,48.711
30.48,14.457
93.002,70.128
20.329,25.627
10.962,3.8919
79.824,48.546
55.644,10.842
29.636,67.542
85.152,90.919
24.802,11.187
42.683,97.068
15.639,17.489
75.797,55.96
90.355,58.533
95.62,68.305
11.546,7.8064
13.572,26.265
53.939,18.696
16.973,78.322
36.967,6.5445
93.893,50.809
92.304,79.113
80.699,90.58
48.42,10.622
33.06,61.597
2.0647,6.9777
87.302,9.4292
1.9084,55.137
97.781,92.523
26.598,79.649
99.333,20.25
30.957,42.754
74.526,48.457
75.736,97.779
8.4057,31.913
62.813,51.781
56.869,86.859
12.197,82.517
50.533,23.332
34.979,71.025
99.558,12.905
16.166,31.873
90.488,94.427
63.345,82.934
48.58,47.234
63.811,54.645
32.584,40.882
91.281,18.36
69.617,74.408
12.351,3.6524
21.537,76.093
16.602,91.101
83.009,3.3053
21.263,84.208
40.964,57.912
57.72,52.422
22.03,31.842
12.064,32.25
97.094,17.042
16.723,7.3691
16.114,81.944
75.787,2.5271
43.063,21.13
50.639,66.506
7.9923,15.739
18.147,30.161
46.028,3.7427
61.465,43.643
50.622,59.913
19.682,55.725
29.276,62.953
96.344,22.978
37.65,66.317
36.75,11.35
59.813,40.469
22.303,50.2
44.407,6.4035
90.04,0.39541
12.098,26.623
20.257,15.333
57.509,61.312
18.008,60.059
36.798,2.4424
76.632,98.968
84.497,28.76
89.469,69.298
71.889,28.617
93.345,22.008
84.425,64.83
34.184,4.604
26.796,58.556
91.4,82.508
44.847,93.806
87.815,64.287
17.726,66.911
55.265,99.731
29.609,9.0273
52.543,43.155
46.704,8.721
95.767,4.505
57.096,0.2378
97.783,87.024
41.44,76.847
60.96,9.6361
11.837,91.507
41.957,30.912
81.413,69.388
52.999,93.059
40.311,77.578
55.248,81.854
54.135,96.528
98.227,26.745
83.419,78.96
62.393,27.649
63.629,27.598
5.4781,1.302
15.254,4.4885
82.59,35.607
99.036,88.422
50.765,49.626
15.704,16.908
19.951,96.348
70.043,88.871
90.313,95.882
14.376,23.334
33.534,64.599
89.911,18.652
81.626,2.8011
54.154,19.76
39.771,91.482
13.656,76.083
32.753,83.278
26.88,93.912
26.838,7.586
8.5297,51.244
14.56,77.136
95.497,40.97
88.122,88.626
74.153,78.037
80.239,68.087
52.93,50.395
79.849,86.859
36.087,67.153
77.773,69.22
39.394,52.996
14.586,98.127
47.487,56.788
84.864,18.124
51.589,32.794
52.711,22.166
84.432,11.637
92.191,2.6167
16.191,42.22
59.794,77.57
54.956,49.881
50.253,78.139
61.947,58.423
32.517,78.923
28.7,74.837
39.86,56.171
56.306,64.096
46.057,44.647
37.659,58.595
36.343,12.373
71.38,26.803
83.46,74.666
14.895,41.709
6.1018,24.049
24.276,69.31
73.628,86.116
13.674,60.296
42.975,87.782
48.716,3.1755
23.866,76.426
26.365,51.55
44.544,79.278
43.866,55.564
32.288,13.472
14.44,15.003
28.648,4.405
84.743,23.921
24.011,9.218
47.397,98.125
82.053,56.55
0.46015,4.6248
90.155,19.96
62.505,88.11
4.3078,76.602
51.85,72.692
82.523,3.5801
23.402,53.295
14.624,42.468
79.507,54.749
12.299,60.216
26.019,98.341
1.2136,22.202
37.753,54.985
96.251,21.47
76.322,49.726
95.604,81.387
32.25,19.174
2.566,4.7799
68.523,2.6257
7.633,77.865
17.461,50.928
18.777,36.045
64.583,53.935
76.641,99.944
64.109,4.4373
96.898,23.777
74.358,40.713
40.283,94.742
91.914,10.25
1.5457,70.654
59.441,46.344
69.091,11.536
40.342,93.329
70.682,72.839
59.897,74.143
68.144,15.692
7.6116,31.195
24.022,20.503
20.105,27.857
78.585,71.716
4.0681,13.843
20.092,17.766
26.188,84.267
93.319,12.689
73.784,82.755
48.994,95.585
77.218,6.2929
50.24,52.863
25.573,26.39
20.634,29.892
26.699,41.747
92.161,74.06
31.938,93.297
4.56,34.708
22.178,54.577
26.932,18.94
73.716,33.377
61.789,69.999
12.964,20.878
39.598,94.253
90.915,37.805
76.483,28.832
36.164,38.028
73.626,13.987
34.289,35.159
17.721,8.008
2.8215,1.3634
92.452,17.972
93.814,81.357
38.227,72.957
54.806,12.077
44.112,93.535
19.978,31.053
66.703,58.746
80.778,74.472
37.892,66.807
95.19,91.317
99.525,78.653
66.785,44.021
83.232,52.15
72.353,83.75
3.2207,88.1
13.738,90.699
4.1332,19.815
58.381,18.31
96.701,6.65
26.106,14.783
12.755,42.562
12.879,62.13
90.515,42.546
11.822,35.461
90.618,88.914
5.1873,31.692
9.3886,1.5224
16.721,99.433
78.403,66.949
22.691,82.957
82.717,68.609
35.11,54.75
91.258,88.56
19.317,3.5848
88.219,3.5476
6.0682,46.607
95.586,23.35
74.134,12.252
52.596,77.138
14.751,93.876
39.833,56.964
83.251,54.368
35.734,66.657
37.567,65.368
9.5059,27.09
37.377,51.206
93.64,45.514
32.188,29.528
48.517,69.387
67.76,39.129
94.158,10.463
32.797,62.925
9.0783,17.559
91.272,80.385
67.843,65.009
66.144,33.766
37.607,99.357
14.772,21.371
73.261,76.349
38.722,73.232
80.72,98.017
40.569,79.813
69.657,75.38
52.314,58.677
30.626,3.7671
3.5945,47.221
35.056,3.8079
92.959,94.749
15.638,65.83
10.317,17.133
55.126,1.2228
54.962,28.147
42.835,0.060478
84.548,0.96979
60.101,91.45
4.3992,3.9032
54.508,35.455
27.248,41.484
62.324,1.5275
49.295,35.748
60.813,36.83
93.706,72.718
7.6107,15.817
43.955,86.853
60.783,23.173
15.37,39.643
44.13,57.518
3.3477,55.837
23.872,7.4368
98.238,64.345
58.058,38.057
12.212,40.538
52.37,29.957
52.891,96.014
72.882,54.556
27.111,96.443
16.448,22.17
18.942,18.085
7.3207,53.402
88.83,75.774
85.053,65.947
27.469,32.477
64.267,16.959
78.823,79.198
50.695,24.128
2.6176,38.804
27.95,52.057
51.026,12.134
27.226,39.312
31.825,24.681
40.577,71.345
33.915,10.389
56.334,94.572
32.192,56.636
86.049,89.644
36.393,11.15
30.801,41.221
88.75,58.662
15.54,79.976
97.567,79.563
69.056,34.781
38.865,78.909
94.332,91.9
12.287,41.042
15.666,35.794
36.107,1.2392
71.018,69.54
73.479,49.093
67.31,50.075
16.695,49.261
95.115,26.112
46.819,57.874
46.025,83.393
33.1,0.4077
28.117,1.7508
49.426,98.992
0.15022,2.3066
42.592,43.834
34.431,80.534
40.405,93.401
56.471,5.0107
32.407,43.561
50.174,60.407
82.164,95.039
55.433,16.269
67.066,4.3993
53.818,56.515
10.8,47.144
5.7944,35.112
28.03,51.031
24.49,63.955
82.967,5.3441
34.879,53.056
81.481,87.394
48.435,87.142
2.0626,55.226
3.1967,52.02
91.522,23.047
26.958,52.423
71.64,85.326
16.746,36.72
82.962,59.552
75.602,46.46
35.392,11.087
41.054,87.514
58.187,20.329
44.232,13.439
41.67,20.511
78.656,39.624
82.493,85.014
54.165,97.067
24.36,98.818
14.435,12.024
14.998,87.788
79.346,46.682
60.038,40.581
35.057,84.173
56.069,33.753
54.583,12.241
33.668,40.957
80.727,2.7348
28.603,46.218
50.688,65.482
63.602,38.102
76.308,87.22
42.286,25.585
49.462,89.933
49.21,81.573
17.204,13.114
53.507,12.603
34.98,77.026
44.715,30.874
72.892,15.804
68.219,25.306
13.396,13.284
21.533,97.539
60.017,55.26
80.288,52.022
38.774,99.869
98.361,77.458
17.767,98.291
72.877,7.9343
16.032,37.637
17.055,98.878
13.889,70.308
91.307,46.509
62.817,84.619
53.713,34.482
4.7907,25.499
68.035,0.50867
70.207,46.376
54.415,82.085
66.23,84.954
62.399,30.505
43.122,19.991
84.466,45.607
83.937,67.233
44.257,67.523
75.488,73.248
1.3742,75.708
93.651,97.025
17.038,43.374
18.045,12.879
6.7059,40.104
90.663,70.683
16.727,29.382
18.98,64.674
75.454,39.001
20.158,72.728
13.338,40.361
23.294,79.936
39.067,27.717
92.603,29.969
2.5878,57.335
56.821,96.121
48.146,4.6142
18.441,10.632
84.193,37.22
10.521,95.756
26.28,82.397
29.463,65.521
40.965,81.362
68.441,55.548
84.88,93.029
7.0285,9.8916
47.555,57.93
57.915,65.681
96.076,29.488
2.108,67.929
8.5534,13.654
76.595,78.535
92.262,85.703
64.455,66.801
81.125,76.259
16.495,9.6023
48.824,87.425
43.737,68.378
14.778,70.723
87.926,46.285
10.157,88.287
36.408,0.96
34.471,42.333
70.122,61.281
36.63,22.284
9.3328,37.678
97.509,86.383
92.448,85.993
68.597,67.527
7.0804,79.821
17.951,63.821
8.1724,12.574
96.352,70.597
10.738,95.637
10.815,60.585
93.842,41.824
70.197,69.656
50.527,0.091222
64.992,8.4232
41.341,12.34
35.89,41.273
59.374,80.687
70.172,69.559
9.8581,47.714
96.573,10.021
34.826,40.998
82.81,2.5477
77.723,58.475
22.659,44.541
19.794,48.093
68.323,93.288
29.48,76.333
30.998,53.049
38.175,40.454
33.312,58.98
88.548,92.672
23.892,88.977
23.49,26.905
8.5742,3.4616
97.005,10.941
46.699,52.623
6.0444,21.397
58.408,46.081
76.298,78.85
93.695,10.974
75.857,30.17
0.3986,8.2998
71.525,67.459
35.699,97.999
58.278,36.377
58.299,92.431
27.881,6.6797
48.245,95.947
93.012,90.996
54.938,87.502
65.28,19.43
44.42,27.915
66.297,17.399
24.729,59.902
72.054,96.211
49.795,68.834
13.998,16.82
8.9429,29.458
57.819,21.297
40.12,60.394
71.332,65.956
66.807,20.42
39.073,50.413
21.785,37.966
42.404,45.734
14.647,28.94
96.328,84.145
33.919,55.269
84.654,83.386
67.955,30.909
7.023,98.733
96.593,49.671
23.193,62.971
53.395,24.679
85.446,3.7619
72.897,23.354
84.267,26.064
7.8271,17.871
14.722,77.568
7.1196,29.888
3.0823,85.642
41.433,38.647
38.151,21.739
54.406,46.119
71.878,88.168
8.4366,53.677
95.654,61.752
11.59,32.014
38.572,38.835
82.028,75.237
64.223,57.218
94.217,71.62
67.659,45.17
99.009,44.39
67.556,86.608
7.631,12.804
27.58,34.255
84.929,76.349
9.6512,65.514
39.047,47.964
50.196,12.036
55.787,53.08
35.912,74.532
31.011,29.432
84.338,94.811
81.728,4.9263
72.242,17.978
89.376,22.718
83.601,91.479
68.297,87.866
55.363,72.367
51.464,1.0087
47.608,92.756
52.179,19.662
52.154,81.72
33.593,80.614
51.4,62.785
93.545,97.446
33.614,24.919
34.691,75.611
26.363,10.117
49.285,32.557
99.341,35.325
95.505,22.333
59.505,5.1968
76.109,82.195
25.015,39.344
34.195,95.249
4.2145,41.023
0.83856,18.304
84.226,25.707
63.127,70.914
3.4195,20.566
38.229,80.297
83.898,88.768
96.527,39.415
7.8107,42.576
12.267,86.853
47.649,13.825
29.208,91.336
72.408,61.513
87.677,11.729
54.18,5.4786
19.553,86.773
87.521,91.246
53.107,69.839
78.253,26.62
67.318,90.127
10.611,59.725
14.613,21.058
52.92,47.662
44.218,38.51
22.854,67.829
94.835,34.029
55.214,84.644
32.659,10.789
8.1888,96.462
85.898,86.655
5.0161,13.901
93.562,94.89
48.337,46.776
77.332,92.129
49.113,67.814
41.033,16.145
18.085,81.675
65.375,51.699
11.089,73.344
2.5633,26.859
4.4134,37.842
63.318,81.993
72.392,88.619
3.055,73.118
55.719,93.988
55.153,66.033
23.338,23.162
15.252,25.998
10.387,31.012
98.167,94.909
4.4521,24.247
26.649,34.213
59.108,31.151
48.956,58.551
92.475,8.8047
77.223,89.503
87.939,40.665
74.539,25.711
19.853,96.23
21.775,69.416
7.4993,86.766
31.159,64.9
58.908,47.471
71.922,92.461
81.709,88.059
83.372,57.673
12.002,18.405
55.475,15.229
96.739,29.65
35.336,32.082
55.705,94.095
32.43,57.918
84.712,97.795
87.655,49.853
99.521,16.303
92.077,35.871
38.301,8.4514
40.588,85.079
46.343,91.354
93.042,94.744
68.064,29.911
19.889,97.097
15.524,20.424
89.319,31.638
58.04,1.6474
44.791,53.77
35.167,81.983
34.868,20.486
10.051,1.3693
70.46,46.956
63.798,31.369
24.202,74.982
55.597,36.131
41.425,45.065
20.845,56.427
4.769,84.088
86.421,24.119
6.0761,10.475
12.837,2.1416
80.19,14.346
87.223,14.95
43.468,53.307
28.124,12.821
47.939,19.232
83.296,28.412
36.305,48.214
79.634,45.228
73.246,0.46666
88.373,62.141
26.175,9.6986
65.931,44.71
18.97,23.292
83.523,42.802
81.094,68.979
55.284,11.43
93.068,20.21
42.171,89.253
38.317,41.826
4.389,92.824
48.415,24.242
65.662,42.542
35.972,7.6061
38.016,39.136
96.268,20.519
90.69,30.838
65.977,18.148
33.657,59.205
25.646,33.122
27.597,32.928
44.225,16.92
22.514,5.5689
27.456,97.072
82.821,61.202
80.144,4.8738
17.307,66.864
71.471,41.835
6.3603,75.328
28.096,17.794
44.394,84.64
17.661,7.7921
85.048,68.523
44.284,15.082
81.654,29.97
46.852,97.924
49.032,8.738
94.073,12.348
42.963,31.214
61.004,83.836
5.2523,13.988
17.81,26.7
47.002,13.699
64.121,87.907
61.874,70.629
1.3812,6.094
53.748,54.918
69.851,89.4
56.761,52.33
35.324,89.796
60.24,24.976
66.611,17.723
41.907,73.063
40.128,7.5056
63.81,68.566
41.318,2.5373
55.164,19.529
92.505,37.361
50.879,8.3169
3.1596,46.712
73.77,92.145
66.121,80.444
35.52,34.865
67.873,30.216
5.3126,90.427
84.294,99.836
10.817,4.2638
24.811,90.803
64.771,85.489
19.876,92.198
17.135,42.127
37.213,92.123
8.3926,47.502
3.7825,62.222
64.944,37.991
32.055,86.208
45.726,24.166
7.1605,21.055
31.048,74.218
20.747,70.869
67.652,65.517
67.43,31.945
83.641,61.391
45.561,54.078
50.875,22.242
95.996,8.7426
99.386,0.18372
99.608,21.01
52.607,1.1295
29.779,49.891
27.977,2.7018
81.198,12.034
28.317,90.161
50.346,15.707
31.62,39.895
27.152,10.244
82.41,15.814
34.064,97.873
62.947,68.317
74.109,94.799
27.348,23.823
69.222,17.329
35.925,31.522
20.084,86.117
41.01,2.9327
86.686,24.264
58.602,43.208
7.2121,60.79
60.55,91.65
13.282,17.709
20.676,50.208
0.33718,53.689
25.556,44.372
51.547,63.458
50.473,26.452
37.244,69.581
18.687,43.336
45.613,74.974
6.8213,26.675
1.3129,50.701
12.379,23.782
33.119,18.743
59.092,87.085
42.288,38.921
19.848,83.804
24.338,8.512
64.128,72.67
55.676,27.305
23.646,20.799
29.213,73.77
80.067,26.58
79.061,17.015
30.562,99.805
71.716,33.49
1.835,56.917
32.283,15.789
88.244,16.019
30.662,54.823
39.495,40.62
85.81,78.699
17.213,97.427
8.9013,68.908
16.286,88.905
26.208,41.501
95.001,22.127
65.464,4.5453
43.093,20.75
79.16,88.696
87.322,76.425
59.192,86.139
61.254,44.602
87.657,99.032
40.42,2.3489
28.439,1.1406
15.77,90.599
70.305,18.166
42.19,49.264
8.6673,90.953
47.442,50.589
35.094,31.648
40.695,53.133
70.516,59.038
1.0854,89.886
36.835,40.263
19.834,93.944
53.259,44.43
93.083,61.625
1.0458,71.322
0.80669,80.394
91.703,8.1112
16.355,68.462
9.7874,27.109
72.139,34.294
9.8287,90.48
96.894,81.33
87.384,63.577
94.777,56.276
8.5455,67.662
37.121,92.738
12.798,58.511
14.221,68.159
82.796,99.473
28.175,21.206
42.814,22.202
32.038,66.139
13.153,46.225
65.81,68.928
24.096,74.585
59.303,43.202
79.16,81.564
90.073,86.453
55.537,31.409
64.399,65.894
28.251,34.783
38.359,59.844
37.598,99.441
95.294,84.043
80.478,76.89
75.541,32.392
35.847,12.094
24.707,94.414
73.822,72.243
39.643,48.6
59.244,85.391
53.394,3.5874
41.179,81.939
49.567,68.191
27.968,22.713
91.92,4.3779
72.017,22.361
81.072,91.012
62.294,92.964
77.01,21.515
58.146,2.3971
41.975,61.573
90.587,27.688
85.551,65.263
34.653,30.837
67.221,25.462
92.959,27.081
52.947,94.318
0.56541,99.331
55.53,3.5116
90.02,88.331
40.57,88.056
9.2461,91.661
58.888,83.52
24.344,96.723
69.325,93.953
34.055,7.6814
89.766,17.012
98.122,41.116
89.596,48.632
11.016,33.081
0.38631,99.717
95.441,62.38
11.703,38.99
0.60283,67.641
42.257,30.15
37.99,35.546
58.753,92.706
1.4561,18.95
24.964,94.193
35.685,94.175
90.573,46.14
32.669,16.406
43.883,16.21
82.158,93.841
93.672,86.302
79.713,7.418
66.785,84.532
45.643,43.356
51.615,58.006
36.148,59.221
84.797,77.531
59.025,68.739
82.724,0.99118
22.724,53.658
73.563,8.3669
94.495,17.634
58.637,7.3049
29.455,93.882
31.454,78.131
44.461,34.068
51.738,71.926
57.672,8.5794
55.144,44.121
78.939,3.8907
12.251,60.007
96.576,87.123
65.41,30.229
0.95279,70.965
43.029,95.046
78.31,64.777
87.817,41.579
19.671,47.909
38.358,17.708
93.874,0.3358
22.414,56.672
52.861,78.553
8.9749,85.31
77.267,35.653
18.574,37.86
81.886,83.381
99.435,96.417
8.9316,11.744
69.344,15.688
98.113,39.99
27.275,98.49
69.014,3.1915
87.484,36.916
67.663,39.84
14.642,77.13
67.001,88.623
16.494,65.804
93.102,76.266
7.6183,90.278
90.694,54.385
44.389,18.876
2.8027,76.896
7.1646,55.134
99.661,98.501
93.253,8.985
6.4416,23.86
84.409,23.24
77.695,10.751
61.03,36.643
23.43,30.7
76.011,83.663
34.907,70.171
89.622,92.532
91.12,75.028
35.004,5.9511
1.8901,64.694
65.129,6.4383
55.092,9.8622
39.718,85.069
75.364,97.456
66.599,21.009
66.462,41.544
70.054,71.182
86.913,41.291
57.824,17.951
57.105,24.637
74.856,28.944
48.965,29.138
77.079,69.744
63.475,72.69
94.877,1.8669
71.636,88.917
37.25,78.988
47.345,44.025
8.0629,22.697
26.339,35.222
29.697,28.207
26.52,38.675
21.253,32.352
42.599,84.213
36.072,60.572
7.743,24.661
41.995,66.044
70.2,96.56
32.312,41.334
40.883,97.04
18.354,15.906
11.587,96.308
26.725,41.784
11.088,65.918
3.8624,57.591
71.499,80.354
30.421,31.783
86.22,23.171
33.47,27.431
86.112,77.859
63.582,85.898
54.377,31.957
48.029,62.148
33.751,69.449
98.188,35.223
53.93,84.068
13.064,93.533
53.62,59.386
70.368,18.258
3.3348,55.556
80.84,25.856
32.251,22.497
87.041,73.538
5.5594,10.643
70.066,88.98
25.182,98.157
17.207,52.051
90.889,12.062
46.136,88.935
45.266,56.777
40.231,63.683
0.32494,7.5599
99.45,48.705
99.504,69.259
62.897,62.993
64.038,66.514
54.156,57.742
3.5522,63.418
72.221,68.214
21.933,62.173
60.019,55.876
49.394,92.321
64.699,20.328
28.778,42.334
92.293,99.184
28.318,53.24
55.814,49.605
0.74599,94.463
80.67,17.772
10.038,17.49
59.283,96.179
77.53,54.058
64.342,46.789
77.164,81.798
70.716,77.049
44.311,92.727
34.539,54.08
51.022,30.179
50.893,48.752
80.729,15.263
3.2673,32.359
91.997,43.058
18.496,88.18
25.69,37.159
88.782,82.442
39.656,70.531
96.925,39.997
90.779,64.563
26.356,42.802
58.886,57.827
97.763,75.673
61.887,89.935
4.5729,16.972
83.053,18.987
20.019,66.345
25.973,33.02
49.82,10.029
94.782,53.491
95.949,37.628
33.342,94.206
21.027,45.12
19.673,22.836
93.178,36.789
3.0448,74.781
44.073,95.56
25.378,81.349
36.409,81.411
22.583,90.698
37.336,55.329
11.915,51.124
31.042,25.151
48.254,54.994
5.1261,16.038
75.133,83.998
85.459,4.5595
74.371,13.313
60.537,26.261
79.987,73.586
39.375,82.713
81.43,42.319
59.3,68.212
75.173,27.995
65.981,9.5484
21.389,51.912
41.514,16.485
44,86.617
91.455,20.567
77.605,15.243
6.5947,26.527
44.69,82.828
43.123,85.916
24.551,33.634
15.197,59.92
38.545,2.5026
15.149,18.955
62.795,69.67
62.398,85.909
56.982,28.748
0.67113,18.711
56.862,95
45.522,73.826
73.762,13.347
17.374,57.044
63.794,2.0254
31.707,49.163
10.155,64.702
47.965,36.436
66.928,66.6
69.02,34.97
74.254,53.428
69.215,25.976
27.094,12.671
16.765,50.565
64.271,62.563
11.039,32.59
28.458,31.18
12.894,35.4
24.191,28.832
43.144,44.425
73.487,78.063
78.69,8.6598
62.968,52.114
83.825,18.405
57.472,21.797
35.193,56.502
35.302,9.1757
22.339,18.328
34.475,91.062
68.146,6.8388
66.8,72.403
4.8882,69.894
27.775,98.593
14.6,0.80431
57.233,30.26
86.249,96.783
27.339,9.1621
58.512,65.122
92.929,80.283
73.412,38.842
99.023,59.153
95.873,25.323
78.982,48.604
9.1228,45.099
88.827,59.066
47.025,0.47756
98.668,71.921
75.966,63.892
6.4476,9.181
56.06,5.6237
30.489,50.009
95.061,48.735
46.292,55.8
18.647,44.315
51.41,89.042
97.85,29.041
46.328,37.284
69.961,94.617
8.4897,40.502
39.09,91.409
66.151,85.536
87.216,14.748
74.454,88.231
77.711,13.252
79.468,25.951
10.887,3.281
69.815,46.915
22.377,72.807
75.898,27.771
16.858,60.702
28.53,45.581
93.943,13.035
15.762,15.469
5.7267,61.16
8.0582,94.469
79.291,88.685
2.9152,20.727
42.403,64.753
6.8281,45.76
32.509,48.442
82.38,75.077
51.292,77.818
65.991,91.401
25.481,29.505
39.877,66.402
90.195,0.0044888
42.988,82.313
49.08,80.862
32.652,95.277
37.214,6.6718
20.547,36.983
8.9276,43.28
94.707,52.467
36.288,14.269
18.289,94.3
29.483,12.243
86.268,43.661
39.587,33.91
53.181,47.111
20.645,10.682
49.028,8.0715
61.277,6.1431
0.66457,31.888
89.889,11.148
16.86,84.842
16.313,91.505
92.614,40.745
47.239,23.177
42.834,89.891
23.874,84.861
60.279,62.437
93.277,27.681
34.166,53.906
48.963,97.549
23.451,28.059
2.8784,28.58
23.548,45.956
62.302,44.22
55.78,2.7479
40.718,50.591
14.844,37.322
83.828,35.047
27.698,89.191
42.225,42.047
3.1579,87.836
23.179,60.177
69.035,69.445
83.844,41.376
20.699,39.141
84.485,41.444
46.607,32.776
89.416,4.1177
90.527,88.306
16.65,18.848
28.082,34.588
88.739,18.192
13.545,73.642
75.655,4.3345
0.59093,96.57
35.751,40.763
32.711,86.344
66.004,41.225
32.145,63.03
54.77,46.864
51.637,53.858
74.149,34.283
64.769,66.873
80.286,73.037
81.367,49.494
61.19,36.977
84.629,95.377
88.92,37.146
49.674,54.795
52.536,57.691
53.303,9.2182
81.953,69.628
93.507,52.62
90.849,61.725
62.098,75.799
36.781,75.175
85.068,55.952
61.855,38.945
78.973,38.881
43.206,80.92
88.58,80.037
79.009,74.405
86.511,35.558
64.908,77.135
97.395,75.233
38.764,70.875
54.016,68.419
25.862,80.64
6.6019,15.77
29.575,95.305
8.5414,22.568
45.438,16.266
43.973,78.702
69.585,24.411
11.024,50.274
11.622,60.154
61.715,26.419
41.084,34.577
63.359,36.346
34.932,74.515
29.673,27.874
74.138,58.561
48.467,83.907
17.169,3.8427
47.2,98.125
50.649,3.0636
72.01,13.515
43.033,54.305
14.235,3.653
34.677,63.739
65.682,41.522
71.061,61.838
9.4729,66.268
96.731,58.312
77.768,56.594
24.661,19.907
4.8424,27.657
12.522,21.967
40.747,93.407
94.055,62.009
3.5278,80.961
54.964,8.8734
49.982,80.301
45.238,97.86
21.742,38.824
20.669,50.01
54.81,59.87
74.631,13.24
72.849,92.177
47.669,77.561
65.337,45.295
49.766,65.575
15.058,74.873
20.914,27.729
82.261,34.466
82.323,30.754
57.909,2.9493
19.051,29.528
54.885,55.411
21.577,18.359
33.412,41.603
25.764,85.135
46.018,62.417
45.649,12.032
91.149,68.485
67.611,97.742
8.719,50.899
29.097,73.086
86.961,21.535
1.8628,34.989
13.289,1.2171
87.971,51.59
50.708,48.273
62.512,71.691
19.418,33.567
73.308,22.62
58.196,26.467
79.972,26.193
38.986,78.432
66.63,55.961
74.356,16.907
11.865,36.864
11.305,45.53
69.987,3.1105
71.002,48.237
25.722,94.855
76.983,70.888
67.106,15.582
88.487,39.46
32.757,65.572
29.742,37.015
21.739,33.603
48.458,20.544
85.863,27.163
29.424,49.92
2.9933,19.761
49.751,98.366
36.246,67.372
35.159,88.784
84.947,56.607
86.706,71.681
17.695,98.349
53.468,88.097
4.9678,26.607
10.346,10.717
50.501,50.984
97.195,86.126
63.936,34.899
22.421,17.221
12.999,9.1106
10.089,48.764
72.188,77.48
41.256,73.643
48.089,20.853
89.356,11.447
0.8192,49.169
59.503,74.537
68.422,71.479
65.774,29.102
63.394,73.476
54.666,30.057
38.203,45.727
95.945,52.498
80.991,74.837
57.627,85.135
58.536,33.902
4.0409,20.017
98.326,59.042
60.687,24.004
61.067,84.04
79.94,78.699
67.593,22.096
59.796,37.233
52.876,51.969
58.424,40.254
20.601,69.021
40.424,27.903
8.1352,71.246
86.293,45.875
44.163,64.157
62.923,25.126
21.681,20.481
53.313,76.831
22.267,12.603
11.854,5.8134
55.302,37.783
94.758,38.059
3.7203,80.145
81.863,33.279
95.16,54.509
43.244,34.569
91.378,63.542
48.802,14.564
98.907,46.611
99.591,75.907
42.743,74.045
40.506,96.1
74.301,69.89
53.668,99.867
50.947,19.98
29.66,36.849
36.11,57.324
16.324,4.5401
3.0037,62.196
44.726,94.221
3.3206,88.574
93.777,57.139
1.3059,45.057
28.071,79.01
81.748,83.997
55.599,25.722
75.919,45.268
22.573,73.093
93.261,44.22
35.702,67.384
30.951,29.117
70.851,97.622
97.003,9.4075
91.914,46.045
11.13,93.917
21.408,70.535
83.112,75.483
32.271,32.65
64.991,13.367
93.444,12.058
19.716,2.0242
58.43,37.262
64.114,18.706
90.422,8.7795
50.543,84.228
13.24,60.823
65.633,99.473
10.032,59.846
59.346,0.6134
9.1737,2.071
56.706,8.873
68.076,37.517
86.873,58.469
86.318,35.488
39.351,41.155
19.582,0.99852
82.327,50.104
99.78,70.709
54.605,41.414
22.566,80.371
10.003,43.353
96.799,31.605
77.528,23.733
84.645,28.638
49.126,40.766
7.2559,35.163
3.3214,45.22
96.089,59.763
0.74368,7.4301
91.712,4.2568
65.461,95.197
9.4584,25.975
40.52,91.671
2.7008,95.825
25.876,63.499
27.549,81.606
9.4402,25.864
45.29,98.525
34.308,20.168
84.471,43.01
15.333,53.884
96.726,39.599
65.289,96.281
45.226,21.305
15.785,19.052
82.236,3.1751
94.088,54.726
8.7816,73.213
17.681,5.9705
80.979,56.017
86.093,89.166
43.807,53.16
67.607,96.325
85.826,26.662
79.472,14.528
39.488,34.381
45.622,31.626
73.366,85.781
24.014,17.612
39.364,47.446
6.8694,44.374
65.556,32.279
64.421,22.346
90.091,64.933
97.273,44.228
64.59,39.854
4.391,79.827
42.709,65.221
69.565,61.062
80.223,19.349
40.086,65.601
95.254,55.392
29.624,33.929
31.805,12.178
82.513,40.975
66.024,1.3584
38,35.596
63.287,83.529
53.433,18.637
68.903,79.365
45.4,14.11
40.463,96.669
26.775,29.512
65.001,99.565
55.696,18.554
66.995,7.4688
25.874,84.055
82.091,9.5966
32.37,54.103
12.381,23.442
12.337,14.521
60.52,96.626
87.746,92.289
58.461,95.764
70.006,38.213
98.3,31.245
7.7474,90.966
26.57,25.329
2.4573,28.194
34.56,45.634
89.758,17.277
5.3416,33.985
57.367,4.9574
94.854,93.545
84.186,34.591
2.4458,1.3974
8.5163,11.388
90.337,11.89
33.347,71.606
73.565,42.348
84.613,77.966
63.205,30.583
52.472,0.82038
49.296,20.073
26.06,66.998
57.016,68.116
3.4941,58.937
32.632,31.163
71.27,72.785
16.024,54.902
37.453,69.813
22.37,55.932
75.93,10.616
19.647,56.33
33.085,42.534
32.127,44.713
55.222,35.13
89.305,84.566
62.057,18.344
6.6237,81.227
4.4144,27.059
92.755,20.368
81.368,13.537
86.65,97.763
88.469,3.7825
59.621,27.61
48.415,2.2541
25.285,13.925
80.445,79.013
22.343,11.135
48.506,39.139
37.206,38.927
46.139,62.248
43.13,18.609
46.012,80.202
23.454,83.698
80.756,31.29
92.02,31.291
22.847,83.578
54.452,52.89
15.968,90.631
2.0315,38.05
91.122,17.735
26.148,80.221
9.5544,79.252
46.005,74.437
27.389,2.6177
28.67,57.892
81.063,48.286
17.12,47.859
44.706,81.848
45.257,56.232
40.327,52.769
84.169,85.612
90.426,2.0825
51.195,33.151
4.6539,90.09
25.929,62.262
23.354,33.741
24.35,32.737
76.156,48.831
43.985,27.771
32.846,49.256
84.909,17.15
50.418,42.514
69.375,26.165
40.468,93.492
49.98,72.781
5.928,93.668
71.519,97.468
28.718,24.14
40.158,9.0955
46.758,60.535
3.5006,95.317
13.771,41.611
98.341,92.833
47.352,92.573
56.19,52.163
34.273,29.994
67.762,3.7194
37.08,40.204
20.243,27.412
79.053,80.416
81.564,8.9794
63.166,23.729
53.982,0.49461
79.492,77.632
75.063,89.349
88.584,75.482
86.159,91.718
87.32,45.346
4.9446,8.836
21.927,20.487
4.1867,73.815
66.116,84.779
66.148,45.991
8.802,68.79
52.115,97.454
96.103,19.311
82.994,97.816
5.429,69.802
80.168,87.19
30.233,70.668
86.999,8.7268
88.099,91.692
23.828,98.778
17.233,17.112
1.36,2.9582
14.013,29.416
97.786,17.918
19.155,18.32
50.499,9.6774
59.08,72.975
55.367,35.941
14.784,24.835
32.736,61.804
28.573,2.6623
23.222,32.609
15.281,57.778
39.391,87.187
38.903,61.098
2.0895,12.649
84.893,97.811
37.89,59.8
39.916,78.563
17.67,92.391
80.635,67.967
49.769,38.94
86.694,16.696
94.101,29.821
37.816,44.933
26.968,63.439
84.079,35.156
25.619,18.035
5.006,8.6068
46.47,11.241
4.8157,88.618
99.472,6.9328
72.764,24.55
78.649,96.515
10.208,84.516
71.103,61.924
54.305,13.112
52.78,81.409
58.511,84.01
81.219,85.176
64.476,82.225
40.155,19.146
90.205,70.133
1.6405,10.986
99.189,43.027
98.97,94.378
43.699,58.259
52.492,43.886
33.103,95.897
69.773,17.077
40.399,54.645
51.445,98.444
62.087,56.379
19.636,79.686
8.8077,97.989
51.192,30.345
95.755,87.494
41.286,66.646
15.547,26.557
9.8006,13.919
77.2,50.162
29.231,55.115
73.303,69.928
62.004,50.683
9.3148,93.312
94.778,70.644
6.2601,87.846
56.758,75.629
72.716,29.308
2.8081,77.62
82.074,92.178
60.622,15.948
35.188,94.503
91.49,96.321
75.212,83.961
74.314,95.776
29.093,92.347
38.255,17.225
60.186,71.632
39.014,29.15
99.489,60.43
11.639,1.6492
31.318,74.706
42.936,44.25
28.772,73.456
11.416,48.297
4.808,0.4705
83.065,92.852
13.982,32.612
96.74,22.212
90.842,39.345
71.159,85.874
86.004,81.896
82.206,49.192
58.633,20.131
98.883,1.3395
18.291,17.967
47.06,31.515
7.753,77.837
85.552,81.961
9.5319,31.706
46.19,55.607
40.027,16.011
23.889,71.675
82.74,33.451
69.724,43.242
36.923,98.056
78.301,36.507
15.794,39.885
98.377,59.415
87.945,61.187
42.4,29.551
42.178,63.962
57.35,53.972
18.723,86.256
90.936,33.498
49.685,45.528
20.654,64.202
96.905,7.0935
30.796,62.651
88.344,67.868
62.596,29.942
19.422,29.558
64.963,93.514
33.363,74.736
61.217,34.137
16.901,51.387
52.962,85.771
22.222,62.454
58.526,7.6911
61.52,79.932
10.87,6.4308
2.5635,70.977
94.657,68.297
2.5224,48.896
8.9599,25.288
12.28,65.86
13.067,51.81
69.487,13.938
18.973,77.844
37.77,13.658
69.933,11.927
29.186,9.2998
55.65,41.529
