31.815,42.571
13.698,42.505
50.449,42.722
35.66,57.893
14.168,85.62
34.194,26.885
41.512,47.569
51.034,28.124
17.266,23.651
71.352,38.982
58.028,18.329
15.629,81.142
89.788,24.898
14.159,34.363
73.14,52.197
60.552,66.948
30.393,58.046
55.798,83.392
81.782,18.856
68.159,84.603
85.107,66.195
35.102,5.3012
0.84034,75.118
62.853,19.349
6.4816,21.928
68.469,62.905
67.811,9.9349
33.235,44.25
78.556,89.195
27.998,74.358
37.967,88.437
10.195,80.409
93.076,41.293
82.615,18.802
64.575,67.913
15.221,6.2292
39.761,75.115
64.907,46.106
9.7402,14.356
42.294,45.734
60.95,36.941
40.662,83.898
40.873,41.097
68.355,32.526
26.171,23.218
38.084,97.752
88.113,64.552
83.286,22.783
8.565,30.715
9.6869,83.846
11.417,41.766
8.5524,20.182
80.142,60.477
14.369,82.042
2.774,15.193
63.418,66.053
76.403,33.803
13.928,28.931
42.1,26.496
58.097,10.384
16.008,64.229
42.678,73.116
47.711,38.868
63.992,79.459
10.913,19.055
37.549,47.379
14.023,49.327
13.505,82.005
50.706,20.799
40.588,26.846
4.3843,91.816
6.365,79.938
70.759,26.108
30.805,52.492
9.5081,28.005
80.852,19.843
37.227,28.157
68.509,59.727
13.433,55.933
6.4389,37.843
98.661,80.126
4.1889,87.966
31.631,33.418
68.603,89.35
80.03,59.198
26.525,49.272
4.7739,95.279
81.944,52.35
14.609,30.301
45.011,20.754
79.331,22.397
93.889,21.196
8.9692,78.98
43.354,57.09
5.3488,82.186
67.766,78.264
49.021,28.128
79.279,88.711
57.829,19.776
9.336,80.434
63.532,57.305
82.925,31.603
26.915,24.903
67.876,13.402
35.865,2.4112
47.019,51.45
78.676,17.935
63.597,24.698
40.608,65.186
45.765,68.031
26.87,60.079
5.4625,92.413
36.532,58.596
84.579,23.331
65.527,63.791
88.25,10.575
28.747,2.3606
20.092,16.766
7.2601,45.53
9.446,26.587
13.96,87.402
72.666,88.601
92.266,23.07
42.666,56.506
43.266,43.565
3.1398,13.137
40.785,1.4133
6.6099,38.066
70.996,53.719
74.153,51.258
9.1489,62.723
60.03,25.381
32.734,64.559
96.324,4.6044
96.041,59.366
78.906,23.384
99.265,45.093
67.194,22.741
41.195,4.7588
71.063,50.486
47.731,51.846
5.5246,27.297
72.045,18.318
42.616,29.264
8.1062,29.247
45.598,57.355
81.476,54.328
63.376,80.03
87.574,21.911
40.987,44.903
22.832,57.307
71.672,20.923
72.436,87.464
85.059,21.738
11.472,88.175
55.458,3.9776
32.44,33.905
9.8728,37.547
14.058,78.359
42.152,55.547
23.12,63.483
31.47,64.237
83.3,84.296
35.229,73.992
44.579,67.417
3.9454,13.408
91.093,45.667
27.082,70.246
3.8981,78.292
9.4316,35.32
71.193,57.501
7.5201,44.259
90.597,76.188
95.963,27.941
12.157,72.174
61.663,21.178
12.033,46.053
4.7396,63.926
29.392,2.0243
14.898,90.161
43.253,61.271
7.4625,65.489
38.855,52.291
17.637,54.153
66.972,74.956
35.579,75.948
11.96,18.853
4.6283,14.411
37.006,18.81
69.036,87.095
83.174,83.788
3.6229,50.593
50.278,7.9437
87.184,0.16727
88.614,21.886
69.972,26.099
53.64,34.168
14.419,58.179
81.679,8.7919
3.6088,31.168
73.368,52.668
32.164,80.659
10.729,85.92
63.372,32.924
80.619,87.884
36.938,53.584
75.664,83.706
4.8559,25.642
75.138,17.486
11.578,89.775
39.315,28.516
53.103,39.525
8.8702,45.575
92.344,43.42
83.624,63.421
40.568,88.597
87.182,21.63
62.381,62.175
29.921,94.436
14.071,34.772
85.577,84.986
61.476,27.655
87.456,85.97
5.2122,26.549
72.795,82.525
42.909,45.198
36.079,63.177
65.054,22.106
7.5659,85.722
40.299,56.274
78.087,18.584
5.4827,49.056
44.901,71.473
33.778,64.718
19.952,46.342
61.675,93.074
69.339,22.019
77.972,85.527
8.2008,65.796
85.653,57.355
21.588,65.9
33.889,51.225
46.636,28.793
64.915,17.099
38.395,71.562
37.858,92.343
13.483,68.533
5.9336,83.42
4.0469,40.94
98.552,77.735
52.522,31.152
93.543,57.217
77.686,23.281
99.515,95.886
39.4,72.627
29.232,63.489
88.948,71.81
12.695,70.19
13.455,47.368
58.29,70.512
3.068,18.21
93.289,23.868
49.224,70.339
37.583,78.249
16.869,1.7299
7.5603,90.107
90.466,68.403
13.615,87.497
39.644,28.636
38.86,66.043
11.357,21.925
7.8474,63.202
6.2105,59.922
8.9407,40.904
28.751,70.294
13.525,1.6944
42.513,13.968
23.762,63.999
9.2573,29.649
14.959,92.801
7.4393,67.881
35.547,10.857
94.128,23.671
82.819,81.455
33.025,27.837
25.78,71.191
16.934,40.595
43.896,69.272
13.569,8.5209
73.619,21.615
68.661,17.336
74.067,57.554
14.777,44.423
33.67,58.189
26.76,49.341
11.707,51.097
45.779,57.31
36.488,74.445
32.16,38.696
27.336,36.286
14.111,56.591
13.46,32.901
58.024,40.347
84.671,86.055
71.851,39.504
66.739,82.874
11.478,46.602
3.8521,45.455
53.286,24.652
77.338,48.297
80.166,19.471
57.285,87.934
86.693,50.673
29.836,8.2225
64.521,24.483
36.183,59.061
8.0382,66.684
27.356,59.548
77.296,56.38
92.159,67.649
65.672,26.092
28.714,23.239
34.064,57.964
76.973,57.855
67.571,19.159
17.978,66.866
83.001,23.859
29.057,53.109
8.5862,13.658
3.8037,76.332
74.254,90.985
22.771,55.423
60.697,29.133
68.777,19.362
4.4199,77.341
26.046,24.598
3.6419,44.793
28.603,95.198
19.627,45.343
70.126,0.75529
39.599,27.362
81.227,86.796
75.673,84.937
27.499,21.846
88.98,85.409
66.995,83.661
5.3022,21.637
35.014,46.772
23.801,84.165
98.467,8.628
3.7154,18.328
88.292,59.72
14.502,47.226
88.265,74.754
19.664,6.8026
77.159,77.64
78.329,27.458
6.1903,53.549
28.39,52.11
87.188,84.161
30.007,65.505
68.367,89.775
55.66,26.895
33.604,18.597
39.523,73.376
76.608,54.007
62.167,26.825
44.405,89.047
59.377,26.854
72.905,25.745
60.135,77.022
22.98,62.384
42.58,65.431
45.382,23.501
52.63,38.093
45.577,44.009
85.008,59.279
82.016,20.424
58.164,23.536
22.655,20.209
21.683,38.22
61.652,55.616
31.746,69.497
8.4957,22.791
85.238,26.264
14.306,84.239
7.6515,8.1296
4.7859,15.194
5.1671,14.773
71.647,88.611
84.888,58
79.894,21.81
34.414,49.02
71.76,29.19
25.377,56.952
35.919,18.72
50.142,63.576
35.155,51.131
84.392,49.984
39.673,54.818
49.998,91.453
9.3241,22.825
75.157,97.026
25.28,75.73
31.54,55.899
75.109,49.275
87.352,6.1678
30.226,68.57
86.971,64.609
85.124,63.192
10.54,50.016
85.581,2.3125
30.825,72.403
14.114,56.3
92.738,26.333
10.744,84.582
4.5162,46.695
55.015,75.94
30.303,50.653
93.738,45.158
12.539,93.445
60.301,62.927
13.925,79.3
67.076,25.98
67.707,81.886
38.741,25.307
65.552,73.232
38.457,68.326
11.638,27.884
48.951,17.102
33.375,19.589
3.7062,63.462
13.24,61.696
34.917,71.182
90.435,6.1108
46.675,51.831
26.818,48.452
30.763,68.224
12.032,12.497
73.518,23.545
90.194,16.845
77.296,24.108
77.102,51.405
61.971,31.784
27.937,66.326
69.048,26.964
73.608,21.524
81.038,38.403
72.638,57.979
91.219,77.186
47.837,94.004
90.369,23.974
66.924,35.731
51.229,29.486
7.778,68.952
10.932,34.173
33.466,8.5226
6.3683,25.18
48.3,25.305
14.123,22.457
14.475,54.348
23.443,57.659
28.333,38.138
44.714,45.543
72.573,10.333
29.448,51.989
47.992,64.028
85.905,10.669
76.747,2.6848
86.389,83.282
33.572,62.983
6.3437,11.514
76.664,84.568
79.903,19.49
26.098,46.144
14.201,47.134
25.668,68.495
68.418,62.12
56.553,16.428
26.998,67.057
6.8883,30.13
69.817,88.151
49.32,9.0356
23.317,64.26
7.5903,65.161
33.835,15.469
64.971,72.586
27.552,24.442
38.625,58.382
14.514,15.155
5.6729,84.726
4.7935,89.668
6.7791,84.986
67.352,29.823
31.523,53.561
65.485,61.779
76.288,20.687
54.966,92.717
0.61189,25.518
10.94,21.77
47.33,16.086
19.991,40.886
19.087,1.3438
5.4466,35.438
87.949,10.172
29.01,58.387
47.307,52.622
6.9355,26.064
14.771,14.062
96.409,1.4021
54.767,26.589
25.164,61.09
26.965,46.863
3.2251,75.996
79.951,45.124
32.954,91.184
94.422,34.032
90.943,44.229
13.799,80.476
80.847,60.368
97.367,49.16
34.26,81.507
86.598,73.385
97.381,48.235
29.241,66.052
83.261,61.881
77.65,87.924
58.629,17.454
33.298,6.1037
43.583,14.862
35.751,41.344
6.7652,87.288
1.0877,1.645
24.834,60.893
67.435,53.269
90.404,4.7681
4.6565,26.959
13.119,45.642
33.363,41.546
1.7393,23.359
8.4987,56.389
34.338,16.726
63.721,7.0343
45.479,22.861
74.956,1.6035
50.599,6.675
6.2596,44.88
81.087,53.69
72.622,87.271
76.164,89.84
3.901,28.018
31.055,69.362
95.707,65.574
10.78,64.294
49.646,81.273
76.058,87.424
70.444,21.006
6.5748,54.126
60.356,38.249
32.252,24.569
28.283,50.222
69.152,11.456
46.11,54.11
13.551,63.737
26.18,56.851
19.185,60.568
31.139,64.063
4.3077,16.42
42.085,72.731
39.544,42.34
33.361,94.306
59.114,73.703
35.892,54.85
44.32,25.889
62.04,69.198
33.947,32.976
86.6,70.625
11.803,64.727
28.761,21.628
82.844,88.843
5.0699,35.519
41.443,48.089
38.543,59.331
40.37,17.672
14.097,64.915
77.146,21.328
46.71,51.084
31.895,79.173
93.144,75.521
41.615,44.953
94.333,25.361
14.049,19.104
94.289,33.72
63.874,25.786
68.396,57.492
41.709,45.397
25.605,56.266
93.299,71.206
44.144,58.491
70.649,57.889
24.961,56.091
84.782,31.815
42.666,65.209
8.8969,14.998
81.276,94.176
25.751,34.066
68.064,19.456
69.726,22.727
5.6701,19.095
58.27,28.626
17.001,24.561
71.032,81.228
45.673,71.499
30.571,46.726
89.907,39.591
4.3149,14.684
68.94,29.019
4.4517,37.173
89.068,37.686
10.923,41.583
32.477,24.956
9.6981,90.273
7.0838,73.105
34.003,74.701
0.97011,29.548
9.2246,61.562
31.143,55.202
98.278,17.803
23.527,83.762
7.7567,50.731
14.457,4.3983
59.402,91.793
51.586,65.848
21.768,8.6099
0.73992,24.322
41.423,44.238
39.686,56.855
65.021,70.535
76.614,55.265
44.995,68.521
60.71,26.448
4.0748,29.821
92.307,25.459
79.88,55.355
4.9196,20.945
27.935,65.742
85.495,62.774
35.069,50.634
78.246,86.547
16.238,66.214
19.069,36.008
53.82,85.227
31.797,21.384
7.0005,89.858
87.816,66.498
8.2151,68.218
42.45,53.226
14.655,27.629
23.826,51.969
54.425,29.378
87.074,77.149
31.261,41.231
12.953,77.794
3.6742,55.737
49.584,55.568
24.054,8.8391
85.513,18.607
42.806,62.653
44.137,11.677
68.563,18.431
89.722,82.01
35.619,64.125
71.595,97.492
52.811,21.935
94.641,39.319
23.267,63.564
9.3143,44.708
44.901,46.951
75.76,47.597
45.87,28.711
12.791,27.815
97.219,56.705
12.297,72.675
25.046,25.01
49.375,23.462
8.1152,42.447
72.34,34.519
72.33,72.201
10.537,10.512
88.663,80.13
35.812,78.985
90.614,22.823
34.239,46.829
60.307,2.0085
74.581,26.683
78.557,90.771
63.138,62.285
69.67,92.164
62.529,61.07
62.895,73.602
33.347,25.491
67.931,17.79
29.837,45.061
65.403,67.808
91.974,5.565
51.372,22.056
49,19.718
12.529,79.549
3.9549,18.448
38.052,50.568
78.265,53.034
33.721,16.729
14.122,69.079
29.843,75.595
96.177,22.108
71.509,19.148
28.668,57.321
39.046,86.784
24.534,48.269
38.295,7.2202
67.446,22.344
49.674,45.472
63.086,6.0371
50.669,45.015
85.218,54.706
44.708,69.862
91.122,22.179
80.452,85.792
43.69,61.186
19.224,53.692
47.577,9.4742
84.946,55.539
3.3512,77.856
7.6041,18.242
65.629,60.96
49.973,21.607
84.374,54.925
16.333,83.627
32.207,53.556
6.6578,70.835
85.681,80.652
59.818,14.956
66.676,43.193
24.65,30.431
74.526,59.449
37.517,85.01
7.8026,61.962
7.4085,49.183
41.923,51.917
73.137,83.529
4.9355,47.171
62.916,66.93
87.537,7.7384
12.089,7.1136
45.223,47.145
78.05,40.064
68.188,27.91
8.899,45.668
73.958,52.464
89.255,21.678
93.412,44.072
64.161,23.255
39.513,57.557
8.1403,56.881
45.585,58.688
14.433,81.639
85.312,85.701
6.075,44.707
6.6266,63.397
31.514,93.288
33.191,72.076
41.789,43.798
91.117,7.4234
54.071,18.156
12.36,58.973
68.277,66.888
60.425,73.241
45.494,20.551
4.3761,58.026
14.13,91.073
49.098,28.63
29.442,31.798
85.401,71.829
14.569,10.727
35.611,21.256
86.904,76.571
22.786,57.969
48.016,52.83
12.437,27.39
32.037,44.042
7.6438,42.06
14.559,13.174
43.558,17.028
0.86465,24.399
37.997,48.627
63.666,58.448
64.595,24.847
46.506,63.842
20.362,78.529
0.036827,93.261
3.5489,32.181
12.968,45.017
82.606,45.518
18.039,53.498
82.316,66.458
45.509,48.746
30.099,17.851
9.6257,48.506
33.212,95.275
41.336,25.107
72.393,90.025
25.746,54.993
59.732,17.529
54.701,7.9566
50.094,59.717
7.6868,28.541
95.276,23.271
8.1559,80.398
95.026,25.584
11.032,16.57
49.56,53.802
77.028,42.957
97.559,34.368
92.879,68.799
13.505,41.203
65.537,68.287
12.541,37.541
8.0182,16.732
66.294,87.447
9.3214,42.277
26.319,61.344
84.416,53.16
59.53,79.264
6.7606,42.351
28.48,30.951
3.5258,20.194
65.046,55.417
41.074,41.103
87.906,74.132
12.222,29.742
84.144,85.389
11.099,93.927
21.811,57.947
51.68,38.946
80.369,86.032
29.079,46.882
22.301,60.894
89.065,61.438
7.4256,80.144
12.204,98.037
67.558,60.306
91.791,20.247
70.719,54.399
7.301,13.952
77.16,35.839
78.747,57.026
3.1007,97.428
83.83,56.054
74.411,50.463
32.264,97.296
9.8913,87.826
13.51,47.397
97.57,26.977
53.879,28.771
45.371,17.677
89.496,58.952
8.1156,37.871
41.803,52.397
74.959,6.2936
8.752,3.756
36.487,64.236
9.3143,78.919
30.169,64.117
24.518,61.495
66.632,76.336
31.339,37.781
26.442,43.529
71.047,26.713
88.956,43.29
87.063,58.786
86.014,85.995
41.366,23.555
32.423,19.77
23.627,61.341
69.511,53.492
26.508,45.278
30.168,71.566
42.451,58.137
23.693,84.765
86.781,86.733
42.555,65.941
6.2192,50.773
18.51,40.648
49.054,29.769
66.608,53.376
11.488,40.401
23.124,61.284
69.781,57.083
60.091,98.408
6.7123,62.67
39.218,17.643
7.4527,23.178
49.636,84.162
91.092,73.572
42.317,23.195
0.24437,48.919
13.659,39.035
91.59,18.948
74.591,86.349
9.5125,89.554
28.943,2.4845
81.486,82.573
3.4639,55.935
71.481,8.8419
76.748,72.63
37.099,25.901
54.475,59.428
42.805,33.504
78.114,0.81351
56.28,19.945
9.0754,18.219
39.503,84.312
81.537,61.193
88.287,66.538
31.077,21.982
5.8757,59.984
63.84,83.279
17.166,21.792
53.038,8.7241
18.703,31.463
38.647,48.333
99.264,77.354
40.121,46.097
81.523,85.851
32.518,52.967
31.985,59.477
94.053,38.237
82.41,71.376
19.509,32.268
57.17,19.211
4.2186,27.939
28.771,59.917
41.192,41.645
10.911,40.742
42.346,89.284
43.993,22.206
12.454,20.436
6.8462,50.013
66.033,79.516
13.798,30.395
69.994,73.788
94.137,66.847
63.176,3.8969
11.635,29.44
28.146,6.0109
7.5068,80.763
87.95,82.662
46.434,75.092
7.4432,26.149
22.152,79.002
9.9787,68.329
31.591,53.759
84.295,5.0987
53.002,21.525
14.051,87.251
7.5081,89.711
64.334,63.615
47.835,51.571
10.086,63.805
4.5229,37.765
44.786,43.346
16.973,23.052
30.967,57.534
30.713,65.06
92.992,21.832
30.155,46.635
1.4123,47.151
23.261,61.933
47.13,23.081
7.5387,25.44
58.522,65.296
60.026,49.041
38.911,62.292
82.771,2.5406
90.484,21.899
5.7725,48.649
80.052,57.936
5.6849,54.36
43.729,22.612
8.9987,47.315
86.635,79.067
59.535,31.547
3.7897,70.446
47.015,64.964
3.6793,69.351
27.854,25.848
5.6309,93.684
85.904,27.36
40.195,17.647
0.65402,54.993
98.232,49.559
9.3336,18.898
10.537,86.444
43.323,23.764
12.239,23.154
71.945,19.665
24.074,54.432
34.798,68.244
84.378,84.08
85.015,84.886
87.424,75.006
4.8439,10.689
68.038,57.621
50.644,76.606
44.678,57.224
67.8,57.183
39.098,99.342
68.844,60.076
46.294,34.486
48.596,25.723
28.523,64.667
42.242,71.249
8.1354,76.967
76.311,26.358
28.84,44.843
24.004,19.685
55.522,86.177
84.593,86.295
41.499,62.152
30.762,72.757
93.443,99.233
11.96,82.625
20.651,7.0443
41.172,97.618
83.826,76.352
9.5285,26.562
0.65846,0.81067
43.982,27.755
46.953,22.852
24.776,57.37
88.642,81.758
45.488,30.894
12.058,55.219
33.66,30.616
88.287,78.167
9.5778,53.455
7.7687,85.635
84.845,56.845
66.597,24.392
25.754,52.376
65.793,61.394
64.525,7.0271
79.271,83.345
70.819,18.177
61.22,69.343
77.455,28.683
97.812,5.9768
33.787,27.443
14.818,68.344
88.122,80.461
7.6687,98.351
10.101,18.805
85.421,77.802
86.364,19.027
62.042,19.88
78.299,45.483
3.3299,12.532
5.2346,79.932
43.312,19.014
71.541,71.692
50.171,18.672
10.838,27.907
65.451,87.539
55.415,35.443
46.074,12.159
53.72,19.175
71.649,19.953
56.101,20.566
44.783,19.123
39.639,17.085
28.967,46.306
29.183,43.724
36.22,55.147
77.651,27.088
86.098,59.524
30.183,60.18
43.331,59.077
4.5684,48.951
35.939,43.916
80.016,25.045
36.377,47.592
35.524,68.806
55.24,9.0786
26.426,65.225
26.759,21.998
36.34,62.295
5.6726,91.709
35.208,0.55605
74.095,6.4123
74.433,24.301
4.7895,85.013
98.98,41.897
65.89,76.99
81.21,14.358
42.35,69.62
15.76,92.582
71.543,29.027
50.475,9.5195
47.431,56.39
60.844,73.426
13.419,36.245
45.893,56.571
86.517,10.347
34.897,77.711
77.939,87.871
9.2478,42.176
35.288,41.188
36.021,69.811
21.713,93.774
24.098,21.68
49.939,46.784
9.1568,72.432
7.9795,90.597
91.559,79.259
78.238,94.746
62.198,69.368
43.314,85.848
36.984,60.996
40.035,52.94
27.887,57.005
57.931,11.684
5.9459,26.9
9.7172,93.583
5.3804,13.178
10.031,20.093
22.791,14.343
74.496,53.346
87.686,63.086
11.121,82.701
14.483,51.601
50.801,35.213
67.245,58.115
34.045,72.311
79.213,17.635
40.199,60.022
27.079,59.759
33.955,25.4
7.212,20.722
9.3136,31.07
90.691,52.453
40.703,16.05
42.732,10.081
7.2529,54.892
8.2708,53.811
79.228,55.663
54.606,97.313
37.065,40.364
58.256,23.751
74.016,27.615
86.357,73.381
79.125,56.305
6.7936,13.743
54.014,25.774
61.448,28.436
73.914,59.492
72.424,90.662
98.363,82.509
53.982,49.687
3.5239,11.588
7.3118,28.532
7.8819,54.262
76.457,84.854
10.79,83.812
7.577,42.346
25.262,56.034
14.875,32.241
57.431,57.116
10.39,17.277
40.221,93.119
21.411,24.908
98.756,25.508
31.703,21.096
39.404,22.355
98.104,15.56
86.138,89.8
89.566,48.888
27.863,2.0773
88.084,22.824
9.0109,79.416
55.058,60.634
31.86,60.178
13.028,57.085
72.268,4.9557
14.392,2.5477
17.165,45.419
57.194,0.42908
11.735,76.72
11.704,32.909
80.621,83.511
43.424,64.823
85.977,79.724
7.9638,27.834
31.428,49.047
65.663,64.684
7.5297,54.754
13.965,59.749
32.916,45.716
11.421,57.313
6.3686,46.307
61.465,62.847
12.039,27.426
91.844,63.081
16.143,29.781
8.3138,23.391
48.197,2.4814
66.966,54.94
82.247,25.468
11.195,68.281
13.793,87.061
12.328,21.245
74.41,9.4679
66.484,28.98
40.285,54.183
87.507,9.134
63.914,16.02
52.133,78.627
43.646,42.28
8.0073,65.426
60.125,47.895
11.417,49.772
68.883,2.4087
14.08,73.393
62.971,13.402
65.096,70.377
81.147,86.393
20.32,8.2935
52.821,89.126
85.053,91.362
2.7886,21.048
13.012,32.595
82.22,69.351
13.776,25.036
90.926,11.083
26.029,44.458
53.371,18.618
90.349,22.587
14.693,74.117
77.348,23.629
8.7195,54.444
14.174,24.924
92.901,95.172
64.896,83.165
89.581,26.002
9.6748,40.126
56.015,76.397
12.558,26.759
12.997,56.912
83.242,84.798
44.854,27.654
81.735,54.565
36.655,83.084
29.414,50.791
41.384,18.879
86.531,68.895
92.945,69.462
3.3914,44.41
58.225,27.098
21.172,32.26
73.872,32.943
18.09,6.0816
71.946,17.086
55.11,65.344
12.842,51.398
37.309,64.207
44.648,61.088
29.478,67.768
45.576,25.405
84.285,98.604
5.4331,47.779
22.008,95.849
60.737,83.781
6.1344,35.544
5.7738,13.229
34.653,69.527
6.8491,66.556
87.329,26.072
59.562,70.662
11.69,43.225
7.4173,35.644
24.696,74.986
10.133,15.354
81.768,96.935
47.194,46.221
23.758,84.756
7.1516,13.089
35.795,65.673
88.681,59.587
80.659,25.815
25.441,7.5524
64.571,58.349
9.3033,43.057
35.719,66.631
70.309,28.726
33.122,67.292
58.166,77.916
29.475,23.656
32.129,85.566
42.672,19.107
72.636,2.5735
32.805,23.689
4.1086,24.612
47.172,9.6857
33.767,26.521
41.59,48.527
42.641,19.358
35.576,65.306
5.07,38.662
42.135,21.345
24.142,62.915
9.0816,17.022
32.297,25.547
5.9627,25.281
88.564,21.068
4.6813,16.506
55.807,40.85
46.777,53.62
22.038,53.615
9.8425,80.97
22.639,79.003
13.957,39.316
29.169,61.813
75.516,48.48
35.549,55.946
75.954,23.84
40.057,43.43
8.8015,33.271
54.964,11.605
69.151,98.797
70.361,59.933
20.392,76.84
14.013,36.369
65.68,21.999
28.276,54.965
14.979,62.214
3.3953,15.453
47.901,46.081
48.431,50.136
65.435,10.672
16.213,57.032
57.668,20.454
70.329,84.886
11.487,27.216
79.51,85.846
94.741,96.741
72.999,92.471
75.894,64.091
79.831,20.368
60.661,68.302
37.322,53.057
34.301,20.473
17.087,3.5386
6.79,90.714
66.892,83.876
28.552,33.707
25.421,26.954
9.1877,72.87
65.972,18.099
79.77,72.258
99.149,29.374
79.967,26.527
34.964,45.329
27.729,67.262
63.902,27.567
16.552,38.524
88.011,77.46
53.699,70.211
86.459,94.052
64.184,68.902
85.644,85.114
73.875,17.707
42.708,94.187
23.492,42.764
6.4356,52.813
5.6073,28.463
6.2793,90.242
6.1266,87.928
7.8213,77.034
71.331,22.975
19.434,65.268
43.315,82.046
28.021,25.152
60.56,48.302
37.354,67.636
60.88,70.299
11.023,94.026
26.943,49.919
4.6945,67.022
67.118,27.925
82.25,27.104
45.591,54.948
44.265,26.454
87.977,69.265
11.797,63.996
89.934,83.055
31.953,68.352
65.289,85.749
89.079,74.103
14.616,53.751
30.63,46.744
85.784,75.243
79.752,24.205
34.325,12.189
68.742,89.018
63.022,19.428
6.4094,51.005
5.3069,69.389
12.058,43.691
78.017,30.781
83.965,2.1264
34.497,60.888
7.1385,79.19
47.695,47.78
61.732,68.562
53.843,23.195
24.695,22.725
48.147,27.093
38.535,46.552
20.219,74.207
10.45,78.932
53.132,3.6193
98.114,67.714
29.56,69.885
41.398,59.927
5.8378,11.942
6.171,2.4877
40.86,66.258
66.337,21.477
96.963,57.609
95.979,65.154
97.674,69.753
61.954,62.427
5.0276,12.358
27.793,66.582
66.229,19.935
3.9819,91.881
73.152,71.149
38.509,84.228
57.506,25.499
95.798,24.62
91.694,25.438
77.615,50.746
88.473,64.046
26.845,71.192
12.529,6.2438
73.707,61.625
12.072,88.586
73.976,25.843
67.42,19.6
33.078,62.937
66.714,85.612
7.6115,75.806
30.521,42.44
37.17,19.061
3.8005,36.371
62.39,13.793
66.971,69.629
98.491,73.943
37.426,18.503
25.696,48.075
50.556,26.689
91.091,26.364
88.536,68.307
79.109,53.184
26.748,50.597
44.169,55.627
64.73,62.21
44.391,17.697
28.999,56.808
33.57,51.195
82.762,86.83
35.179,83.678
41.426,90.584
12.171,19.34
2.5331,86.909
39.296,18.905
85.572,0.51996
46.934,27.819
58.19,22.209
13.787,76.473
26.302,79.523
83.705,45.304
45.17,11.444
70.417,51.293
13.841,73.33
38.967,63.926
8.86,92.496
29.026,34.673
85.983,78.45
62.667,63.79
54.317,48.403
47.747,52.22
40.261,19.845
49.006,58.256
80.657,92.792
14.672,68.792
20.974,11.719
92.469,78.579
8.165,65.671
6.2741,63.278
33.451,19.883
91.81,13.551
62.637,21.846
46.752,48.771
36.151,94.806
3.9557,98.843
30.376,15.709
87.69,69.416
4.8368,44.635
43.141,65.687
14.401,37.128
66.45,70.99
14.884,13.339
65.564,65.544
74.987,83.877
7.8273,23.036
45.09,60.252
65.289,72.566
9.4001,76.346
32.773,54.202
65.742,57.053
11.815,19.348
77.007,56.649
38.222,68.949
14.938,38.993
37.724,28.069
90.04,99.836
61.807,63.91
5.2023,21.819
14.344,28.371
4.8387,67.838
59.501,29.216
10.359,88.87
8.5291,45.489
74.045,91.918
35.446,70.86
29.235,91.262
16.186,71.134
44.514,51.575
88.55,57.141
95.874,17.005
69.423,52.164
85.602,53.971
5.4011,71.584
47.411,59.061
50.152,22.576
93.805,26.434
62.892,71.655
36.809,72.279
96.709,34.233
5.2725,21.778
43.04,14.84
64.915,61.472
23.81,83.086
7.4489,79.739
71.306,54.414
5.8059,45.913
65.076,79.286
97.466,93.552
8.6744,13.758
46.601,82.152
98.973,47.946
60.739,50.636
38.059,65.486
30.733,49.809
17.169,74.433
92.645,20.452
22.416,57.354
9.4342,46.877
89.18,31.958
31.931,61.428
89.574,64.875
35.418,44.226
87.062,85.551
60.849,86.758
42.445,20.963
36.888,22.951
39.548,46.861
37.982,74.717
72.705,56.522
80.006,54.373
66.189,28.797
61.461,66.711
12.806,76.066
86.682,7.9958
53.344,33.969
66.244,82.28
42.809,96.226
10.888,22.89
6.0699,11.442
12.393,36.357
68.244,78.153
91.277,1.9796
60.208,74.334
56.32,24.194
35.327,28.825
73.27,80.511
28.985,39.993
86.143,75.377
92.798,73.565
3.7881,23.17
90.236,72.951
38.847,51.741
29.893,67.489
66.659,93.729
71.931,60.873
8.0452,98.963
49.671,56.692
12.141,64.408
37.22,58.82
80.395,14.366
13.817,17.412
12.831,8.8053
27.802,36.775
32.279,66.53
85.519,36.512
68.775,56.718
9.5472,25.726
6.2321,43.393
70.217,28.083
40.02,51.837
76.686,88.083
33.477,59.288
79.156,93.43
49.715,6.717
50.18,20.039
13.149,88.963
8.5039,81.027
14.97,66.319
62.869,60.051
22.606,13.066
75.609,50.03
8.1968,81.735
64.951,76.654
91.242,64.831
28.697,23.904
76.602,0.28977
61.633,63.75
59.599,29.874
39.215,18.034
19.047,51.943
8.7788,78.345
33.157,91.995
24.561,64.674
86.653,63.394
71.742,50.858
9.3052,10.559
69.705,89.223
23.081,23.798
84.601,76.846
82.432,52.22
4.8945,74.896
3.2549,52.289
38.876,66.36
4.2965,63.218
31.251,21.439
33.692,73.35
96.914,16.061
12.092,64.51
14.577,48.062
61.91,67.851
92.389,3.2086
3.695,74.356
86.855,58.359
81.757,63.742
8.544,52.507
84.92,64.642
63.252,46.105
74.166,26.408
22.458,40.849
55.289,32.137
65.433,74.095
58.094,26.686
28.406,29.343
82.834,14.58
13.304,28.598
13.908,57.513
40.952,71.529
6.3857,73.681
37.501,83.841
5.571,28.203
6.0094,87.53
43.669,18.906
96.617,33.623
8.6241,53.242
80.326,79.384
33.702,27.771
10.796,36.991
8.4112,40.922
72.02,24.817
18.101,8.7207
55.748,29.998
67.023,83.072
62.944,64.091
54.343,17.569
39.768,65.301
59.091,60.607
37.779,4.1788
10.149,16.32
66.392,19.999
29.049,72.716
30.579,93.784
78.681,18.084
33.759,5.3084
55.104,94.234
74.631,85.799
4.2085,57.818
65.167,69.743
83.17,68.464
80.827,56.301
12.615,74.945
83.442,92.956
40.073,71.794
63.114,61.641
81.367,26.941
80.391,56.591
4.403,20.209
10.141,61.585
87.513,81.893
65.543,69.527
41.475,21.635
45.972,53.239
32.091,56.359
60.593,21.067
23.006,21.016
96.602,47.551
93.306,18.767
76.692,48.562
43.541,59.002
82.835,20.065
61.307,27.124
93.457,88.068
31.016,41.056
0.060712,93.816
84.553,60.897
94.773,60.921
36.912,57.094
13.616,90.2
71.287,76.873
36.947,19.131
81.679,90.7
14.836,40.502
11.662,16.178
63.451,80.908
34.748,18.771
14.124,79.134
8.8403,58.51
28.016,58.725
3.295,82.594
67.415,55.362
32.554,77.867
14.276,84.067
31.132,54.559
50.976,50.565
26.232,60.943
54.781,59.021
30.845,15.909
96.69,24.497
43.96,56.296
8.7146,70.636
2.3253,17.643
35.694,18.396
43.131,70.096
66.721,92.869
30.618,70.922
69.885,77.667
37.615,62.87
80.146,96.79
38.66,4.2136
57.237,47.652
70.672,61.124
32.116,53.704
4.7768,10.227
13.684,48.226
14.905,74.413
80.034,0.71016
83.601,77.784
14.448,15.184
9.8673,69.182
69.277,41.719
44.046,52.081
33.365,45.263
11.897,41.251
8.29,84.37
14.075,24.309
23.166,52.007
35.788,85.772
14.818,19.394
70.35,59.781
62.209,74.726
71.318,21.596
8.2767,58.787
38.397,58.5
6.4325,63.89
62.004,72.966
70.018,4.8048
41.816,51.927
41.924,69.271
32.948,67.659
22.656,83.471
69.183,23.34
81.739,56.926
44.438,27.302
23.197,58.893
12.702,13.877
16.945,92.834
13.181,23.054
61.604,18.319
37.704,69.67
99.292,13.002
50.491,27.76
61.599,27.885
6.0532,56.337
91.781,48.936
71.229,49.784
53.888,40.633
58.4,42.332
1.7562,85.156
87.024,19.868
78.691,6.358
41.79,20.474
37.547,62.787
99.574,71.794
35.559,35.49
4.2492,27.014
91.674,65.119
17.271,51.615
27.115,52.731
74.199,59.179
9.2599,89.817
13.353,10.442
73.049,26.941
66.537,55.563
84.898,82.036
38.189,18.14
5.1622,84.609
11.536,57.658
15.169,0.94317
23.579,51.106
1.0355,44.904
91.343,72.262
33.278,58.403
90.084,70.315
59.272,66.673
47.18,67.479
3.5397,11.204
88.862,76.387
94.881,97.24
10.599,50.993
53.654,42.459
35.333,41.35
10.673,65.521
6.4948,47.128
68.011,23.247
34.533,67.205
51.005,19.996
37.113,47.553
14.949,0.072922
71.058,56.186
25.53,65.896
64.747,79.081
37.73,19.812
74.818,26.831
72.067,84.319
10.567,93.464
64.456,29.405
25.161,62.344
37.743,58.314
67.874,18.726
10.055,57.213
17.41,39.906
50.657,99.319
34.06,48.146
43.587,61.717
32.31,7.9844
30.524,71.962
10.745,95.109
80.625,14.538
37.312,31.349
92.444,12.56
26.65,2.1093
14.277,72.169
52.849,20.414
98.172,63.888
28.028,25.095
68.86,59.618
32.398,25.09
84.172,54.206
4.4663,56.361
13.471,83.051
92.859,66.334
70.555,92.592
14.766,91.955
44.028,67.906
74.083,29.451
75.098,83.534
52.229,12.606
81.921,43.873
61.002,64.868
21.377,59.249
34.439,27.611
82.832,7.5689
50.357,23.005
41.524,58.023
20.697,56.446
21.653,11.525
37.645,37.594
7.7737,76.25
4.7553,58.178
81.805,61.925
96.565,45.207
42.441,16.24
27.731,23.127
14.062,48.649
60.554,7.5675
46.263,40.16
13.167,24.429
90.135,63.615
91.801,68.009
64.728,7.8102
99.834,36.725
7.9633,62.224
38.253,25.195
62.936,27.262
14.58,93.815
9.9274,85.941
64.153,56.326
84.432,78.487
50.299,4.8304
86.264,82.408
31.743,25.405
81.612,31.267
5.9594,70.196
6.2844,27.919
79.229,35.479
92.804,68.371
71.255,35.574
53.215,32.202
33.346,25.28
29.818,58.886
89.159,14.19
9.1574,62.309
36.196,29.868
13.894,66.731
48.034,17.845
8.6111,11.623
66.629,67.203
36.891,47.432
8.9542,79.86
62.916,71.969
36.377,19.862
63.554,57.262
43.562,22.19
19.472,20.583
89.28,68.703
23.614,21.864
0.13825,54.544
29.855,65.905
34.939,61.629
8.9526,85.538
64.455,80.599
87.548,21.011
29.852,66.929
14.115,68.941
40.685,21.26
85.904,27.593
87.429,73.862
45.643,51.213
33.958,50.008
2.2436,66.938
77.652,91.217
41.498,52.705
36.757,25.389
88.577,22.514
12.779,86.858
14.713,10.606
57.32,17.532
19.134,15.904
66.481,82.254
35.81,2.4554
28.669,0.24807
68.276,89.045
83.783,31.507
30.52,63.84
48.222,1.5709
3.2281,52.811
89.362,80.658
84.904,62.406
96.352,23.573
71.534,37.402
26.149,26.983
21.505,46.462
12.58,66.255
10.872,32.523
7.22,4.6517
77.736,78.291
29.433,0.078083
83.061,9.5942
80.642,18.586
12.965,45.599
63.761,24.353
14.953,57.548
2.6054,12.984
77.266,74.457
9.1282,25.284
75.197,57.402
82.04,28.769
89.345,52.805
1.066,96.176
13.514,39.115
28.956,52.01
63.868,99.151
50.353,39.862
42.832,27.796
90.989,70.286
88.98,26.927
77.962,58.23
14.707,75.066
5.3304,16.349
57.545,65.408
52.279,6.6533
45.286,50.54
88.544,44.129
9.1514,12.607
7.4846,21.034
85.453,85.645
60.193,23.567
63.853,80.76
55.423,53.989
89.458,63.662
13.929,3.8184
62.311,62.641
14.412,24.241
97.107,99.626
17.856,62.22
44.017,70.858
26.52,5.5129
10.388,53.721
25.347,56.214
51.692,3.8415
83.527,75.061
94.941,86.838
65.81,57.253
63.882,91.075
12.76,44.097
92.622,68.519
72.045,69.787
14.297,16.236
14.46,45.887
10.35,70.684
66.296,27.419
47.487,53.261
61.258,25.307
23.624,23.147
65.78,68.952
39.014,10.345
85.81,34.567
50.057,28.805
3.9715,68.891
31.925,22.947
97.49,28.583
38.92,28.659
51.74,1.1014
32.397,57.119
30.014,27.903
70.188,41.595
64.355,56.042
80.791,79.239
66.295,20.066
4.3342,61.895
41.31,23.665
6.5985,82.608
42.962,91.401
52.722,35.631
67.975,85.87
37.744,68.142
6.4751,90.608
50.31,59.158
37.912,57.749
58.058,44.735
24.301,95.115
78.972,55.529
12.756,52.267
87.498,75.212
11.986,32.2
75.234,58.522
56.574,39.936
29.305,58.839
94.367,44.021
82.572,31.195
56.989,89.412
69.346,51.619
62.137,27.471
34.739,15.737
44.157,26.975
72.184,56.146
63.303,65.324
15.994,85.791
41,58.283
43.25,48.661
43.091,76.509
34.13,64.917
6.2784,16.438
83.566,59.492
76.221,50.794
6.7715,60.317
25.257,20.059
64.563,80.975
3.0968,39.053
81.96,86.057
35.269,63.444
71.271,8.9987
22.126,53.951
12.594,56.493
3.0468,37.112
67.82,64.265
75.425,72.628
67.842,27.579
90.41,38.612
33.269,46.739
25.864,53.092
74.205,19.015
91.795,55.69
40.127,73.8
89.994,6.2781
3.5859,55.519
14.002,15.442
43.183,44.488
5.1988,32.808
7.4815,33.129
3.5697,72.469
7.8632,41.817
40.154,10.228
89.487,27.09
7.463,52.335
7.6545,81.989
39.387,67.92
60.511,43.655
84.498,21.882
31.86,59.553
9.8752,82.857
38.557,60.736
26.227,53.26
33.928,25.595
96.35,32.921
19.102,14.073
65.612,65.077
71.001,17.638
32.001,26.379
8.4811,92.454
7.9056,49.697
18.724,20.686
9.4231,91.037
5.7474,57.117
68.77,55.218
14.651,84.142
7.3266,34.031
67.115,85.268
42.311,51.999
57.338,22.571
42.807,44.037
71.804,87.657
43.474,14.191
56.993,29.095
59.58,72.992
26.765,69.329
35.181,65.574
57.737,8.7592
32.751,18.387
80.751,51.803
43.397,26.059
69.997,87.928
59.33,40.715
35.496,57.411
45.633,25.753
33.673,22.815
4.6671,88.054
54.547,52.777
13.854,13.06
58.709,81.804
29.366,65.615
35.301,46.88
73.985,20.595
63.638,78.805
48.455,26.83
6.9082,68.585
73.272,74.22
93.37,60.219
14.833,58.673
4.2419,17.161
10.524,13.464
93.453,18.669
97.554,23.606
38.557,49.514
49.627,53.953
14.735,94.904
49.128,37.058
29.86,16.549
89.277,76.681
0.86278,82.335
49.968,56.672
39.244,41.034
81.862,58.685
45.432,46.165
87.203,23.69
85.898,68.732
8.8137,13.254
35.364,11.062
69.556,62.301
42.27,25.394
80.605,21.801
44.035,60.792
6.9555,79.607
26.36,64.144
31.777,61.97
27.805,71.113
66.774,81.653
13.489,16.316
49.906,51.464
6.6637,58.342
4.9373,34.484
3.8299,92.713
42.775,63.726
64.811,31.492
19.381,24.553
3.3064,47.311
69.094,4.81
44.217,77.574
27.339,38.02
28.057,68.015
14.14,67.025
31.692,13.47
85.599,43.763
63.399,71.833
62.773,91.745
87.007,51.945
45.164,39.082
34.72,75.639
13.854,86.605
78.014,71.498
12.598,12.172
28.801,69.345
77.114,23.08
4.7853,55.12
23.644,50.197
74.639,84.575
43.672,8.1687
29.449,24.801
4.6298,23.674
30.038,19.779
86.88,60.47
30.602,25.912
10.172,23.104
9.2391,89.754
32.223,47.131
58.858,22.04
76.525,45.146
3.8431,66.936
29.921,9.7101
92.29,51.229
90.17,60.902
14.366,89.522
59.645,14.104
63.484,42.976
15.369,25.998
66.864,83.274
88.882,68.553
7.5264,22.662
38.245,67.445
69.682,55.895
88.884,84.199
72.36,26.98
63.505,80.844
34.648,97.283
82.336,89.356
8.2312,15.794
10.363,11.406
30.767,21.876
52.617,19.091
14.182,91.425
38.407,9.5183
95.76,23.431
31.012,6.7785
67.083,55.283
2.2776,42.619
37.821,63.338
77.158,26.814
35.479,93.598
44.333,52.779
8.8749,55.536
63.725,93.849
12.316,19.951
32.111,3.8883
72.558,60.867
56.478,34.195
83.951,55.37
83.913,54.728
39.888,69.235
12.797,59.317
13.945,52.28
2.7353,68.884
60.425,85.195
70.277,54.476
4.7305,89.724
73.388,82.967
33.74,64.683
86.178,82.89
11.606,83.727
13.965,66.937
85.742,95.042
80.326,42.665
69.53,95.954
92.719,85.52
68.208,22.852
81.491,56.001
14.598,40.196
68.938,77.902
32.813,45.397
68.547,85.967
93.573,98.15
13.378,77.111
14.082,26.186
68.708,5.9762
69.452,24.27
70.244,90.712
8.9519,32.543
10.678,63.334
6.0433,35.915
97.543,80.663
14,60.25
42.31,55.822
88.31,20.486
69.487,18.631
57.826,64.297
36.47,55.798
32.275,72.172
57.56,89.035
41.222,38.328
76.616,55.093
39.836,48.399
13.836,75.665
82.113,60.184
29.228,23.714
37.286,61.488
22.379,47.294
73.993,35.03
47.919,71.528
11.315,12.306
5.6194,28.973
36.254,47.219
11.44,99.684
23.266,88.537
40.17,14.298
71.817,10.749
39.679,35.625
17.555,55.49
59.796,3.3298
23.786,23.551
4.9386,52.227
65.95,65.567
67.75,88.472
12.62,74.065
8.7793,42.361
88.821,24.618
81.985,54.596
13.145,17.985
40.057,71.762
10.248,34.067
37.149,42.945
63.242,82.652
31.019,49.548
13.872,84.832
13.495,53.886
37.971,23.863
78.604,21.977
12.82,17.145
81.918,96.51
5.7918,20.63
83.856,25.307
24.659,25.93
61.837,64.402
5.5766,29.725
41.98,56.585
29.227,42.948
25.929,50.248
77.244,24.775
75.205,17.348
52.373,53.558
14.115,22.156
13.528,11.55
14.192,91.048
83.872,63.581
37.072,41.798
65.885,25.04
48.352,61.861
76.133,5.9451
3.6739,25.697
45.546,10.404
69.228,80.425
32.184,32.57
40.086,45.524
80.926,64.673
14.05,93.909
26.985,55.86
50.56,21.032
25.186,22.229
67.749,79.038
70.271,98.857
35.011,17.611
3.1123,20.705
24.916,65.415
25.438,82.665
43.88,42.243
29.445,59.923
30.883,62.205
1.4483,85.534
32.887,65.34
30.179,89.866
9.3892,80.651
35.659,73.661
13.169,67.242
78.674,95.297
79.988,40.055
8.1478,70.834
35.617,64.911
24.244,19.825
1.5778,17.383
78.862,53.132
81.133,18.752
83.359,87.422
26.694,66.687
67.528,89.588
8.8539,67.568
16.331,68.645
46.169,17.118
73.113,89.062
49.749,24.732
59.985,44.024
89.092,45.647
5.7133,59.868
73.193,50.441
32.55,45.97
40.956,45.323
12.032,83.026
28.843,21.718
51.753,53.428
87.043,40.042
45.373,15.782
62.662,18.258
33.704,55.15
66.422,62.067
84.817,27.606
35.116,73.449
10.738,22.255
62.131,25.479
6.0818,89.485
51.588,48.135
8.6182,66.269
3.0136,14.037
34.689,51.858
35.238,62.076
71.991,17.334
29.387,58.127
64.717,75.215
91.985,67.626
29.179,45.479
13.168,14.18
59.19,29.767
30.753,45.418
62.715,27.592
66.261,29.344
35.478,24.198
63.285,69.615
74.306,90.716
8.2088,13.219
94.779,21.776
39.401,25.742
40.057,4.4793
14.507,17.203
83.705,28.159
40.369,51.015
47.357,54.69
91.285,63.5
14.134,83.122
98.759,63.911
3.8964,29.797
88.331,69.952
25.48,55.226
43.474,96.188
42.443,47.761
69.318,26.026
74.176,89.623
46.245,47.926
77.798,91.048
85.863,53.053
4.1866,23.69
46.193,50.088
55.024,61.427
8.0041,52.355
62.222,18.277
3.5672,79.128
90.296,64.092
26.462,25.209
31.712,97.435
34.484,16.052
88.661,98.933
69.8,28.889
67.071,59.711
8.8796,81.269
6.2771,55.179
47.808,59.483
23.667,19.626
64.505,55.132
68.32,22.59
83.675,85.46
17.813,45.181
28.778,13.315
13.257,42.551
5.2753,67.723
57.332,23.924
12.115,64.153
87.895,21.242
38.111,65.071
55.957,20.975
65.54,84.9
36.994,54.16
34.307,68.798
55.251,17.229
39.753,71.002
73.983,33.377
6.6088,80.996
25.474,74.925
70.835,88.426
91.321,26.64
23.77,81.451
44.698,32.183
41.675,81.535
8.8739,10.312
23.06,3.3493
65.517,57.086
42.734,96.231
83.804,77.448
9.7629,35.662
94.419,89.859
8.4019,33.122
98.048,15.178
33.357,40.381
4.154,28.701
88.246,62.994
87.75,37.409
68.195,97.322
14.401,43.395
65.274,55.023
41.756,43.464
5.0979,36.7
10.163,72.16
4.7134,73.241
92.871,21.917
34.129,1.4531
81.843,21.905
33.318,64.261
39.047,41.705
50.925,28.248
48.129,55.143
41.555,22.487
63.357,23.583
77.599,98.611
76.415,21.101
34.943,49.447
27.656,26.757
78.797,24.526
91.172,6.1862
79.809,18.692
39.467,61.119
93.429,21.631
58.069,19.352
82.461,86.556
40.291,66.041
86.848,27.95
34.225,57.057
14.894,35.784
57.722,41.394
31.147,71.649
72.957,8.1628
23.844,11.359
48.853,42.086
95.799,34.513
44.738,48.003
4.8269,21.573
20.42,79.6
68.456,25.144
35.68,79.342
86.85,73.389
43.176,49.135
71.819,57.885
62.347,65.258
39.058,51.04
64.473,24.073
45.061,53.563
81.6,88.893
21.233,8.9471
77.94,18.277
61.268,53.03
5.0594,31.869
28.098,68.025
97.353,23.855
87.573,26.243
38.571,20.436
28.769,66.944
44.345,25.269
39.398,66.519
22.98,60.282
65.209,58.731
91.949,77.117
56.571,24.056
10.537,0.25834
4.7674,19.505
42.73,88.995
28.096,2.1528
49.034,61.052
4.051,21.721
11.349,44.434
75.837,70.168
14.252,36.235
0.29734,84.977
46.337,66.128
70.355,88.319
80.65,73.145
40.602,18.912
44.021,77.692
49.491,58.775
12.101,71.12
3.4406,53.532
88.451,6.5993
86.594,26.181
23.643,71.53
62.287,77.716
27.997,82.919
68.967,89.598
77.305,22.78
9.0545,78.027
12.645,13.381
65.639,58.097
72.505,72.052
68.828,86.412
85.3,60.237
3.9361,25.279
19.206,37.619
72.481,84.518
8.1059,56.093
75.274,25.223
85.752,69.619
42.578,58.108
33.534,62.817
24.746,60.641
82.809,57.665
73.591,24.117
13.536,86.009
95.676,74.93
10.023,88.64
19.105,96.677
52.675,64.123
14.078,69.514
37.999,68.253
70.762,72.292
95.262,35.811
57.061,25.004
54.764,47.322
33.04,67.18
4.2377,25.062
59.74,41.16
83.119,89.075
18.251,78.14
3.2557,93.979
87.792,61.611
8.0334,77.998
10.193,62.64
42.588,18.196
76.273,50.464
82.89,49.02
90.547,72.465
9.7433,71.258
62.581,19.984
44.654,53.091
93.138,44.163
19.09,47.586
66.958,60.341
38.187,46.857
40.784,46.556
69.83,19.907
5.2199,15.543
33.667,51.931
59.555,72.214
39.932,17.471
87.56,54.624
3.5338,50.953
69.755,8.4493
35.122,74.971
92.886,21.283
77.981,16.23
84.035,15.286
24.293,65.046
98.489,52.61
9.1599,46.328
59.599,25.383
89.787,20.421
12.427,56.304
46.493,44.959
75.94,59.456
23.285,51.616
92.283,72.245
7.4314,53.782
62.612,81.963
33.331,30.32
78.116,85.531
25.338,78.389
86.442,55.439
9.6939,75.176
9.9723,70.301
33.079,55.322
41.181,8.9049
4.9924,78.185
80.268,81.486
85.577,70.578
9.2406,87.842
8.328,61.654
55.956,19.789
85.685,83.625
30.311,25.499
11.404,75.551
13.865,24.599
98.446,38.05
90.789,78.865
97.583,42.046
60.419,47.293
36.63,66.315
45.111,13.495
78.092,25.514
13.493,34.385
30.631,98.281
60.636,65.551
74.339,28.89
39.176,46.429
72.611,89.368
23.2,70.702
88.379,86.842
11.257,59.661
82.417,25.192
28.451,69.781
72.865,86.879
36.955,56.254
35.679,24.479
79.111,74.843
97.645,99.746
7.5804,33.07
40.893,54.519
60.728,77.312
44.246,62.181
96.045,69.485
35.635,60.093
6.9087,34.287
61.412,26.139
30.075,75.365
90.516,65.217
96.812,15.815
1.9788,92.531
89.074,79.508
77.728,98.259
75.053,90.851
55.513,29.204
89.723,75.312
5.5288,69.113
36.281,80.697
81.169,60.987
37.902,61.625
6.6514,78.643
72.654,21.665
63.977,22.128
44.374,59.76
13.219,21.147
44.686,58.478
94.983,24.148
60.689,27.051
63.401,61.414
86.394,67.78
61.841,9.2474
40.868,46.513
77.683,54.284
53.953,26.929
45.895,61.191
60.474,25.095
66.787,77.176
88.157,67.887
14.14,24.328
52.638,53.841
34.289,92.108
45.917,63.86
93.527,97.529
81.985,90.075
18.736,3.2843
35.068,64.515
55.143,24.555
11.332,75.834
28.026,59.635
5.6477,44.212
59.168,66.881
36.058,60.953
10.411,55.221
42.818,57.738
39.34,56.368
11.71,4.4707
43.678,59.626
90.56,67.396
98.945,20.073
4.6347,75.109
53.683,47.848
32.047,43.691
5.8979,81.305
10.939,18.822
9.837,23.871
8.7592,22.689
75.75,59.732
68.128,59.863
25.032,9.2998
22.651,86.515
7.8071,56.507
8.4261,78.879
54.284,34.221
6.0137,62.148
7.7929,70.508
48.955,19.141
99.77,77.207
6.5922,99.49
9.7758,48.416
64.807,49.007
4.9856,41.407
86.363,71.679
48.01,48.993
36.475,70.261
3.7509,30.036
31.206,82.852
45.342,51.368
44.005,6.2103
32.96,5.85
62.121,27.477
69.332,17.816
13.022,75.171
4.3213,15.431
5.7331,31.885
23.725,89.921
8.9973,56.519
88.94,62.766
98.241,79.219
57.863,19.187
7.3868,72.099
58.962,61.281
33.717,46.613
94.928,9.099
49.86,55.083
93.725,23.656
96.027,24.793
22.008,85.866
4.9687,13.127
37.711,7.0093
32.345,54.267
46.518,59.529
77.19,23.208
7.23,47.184
68.952,8.2439
90.155,67.887
22.279,72.07
34.739,53.281
52.074,67.373
54.624,40.878
10.695,92.008
92.501,21.209
36.391,67.663
67.626,44.155
29.31,49.508
25.793,47.097
62.158,76.996
5.5411,17.969
67.637,70.565
30.06,30.064
45.259,90.487
43.45,48.058
40.823,18.215
23.295,61.834
77.528,52.683
37.494,68.836
72.063,77.942
12.206,23.089
74.347,99.966
92.402,72.064
82.787,59.578
91.541,68.118
21.099,6.7382
91.432,21.859
84.874,59.23
49.473,26.471
91.505,82.469
77.173,54.976
68.653,28.738
33.359,27.308
48.229,72.967
85.476,19.803
10.135,15.283
77.189,93.12
52.481,48.238
94.045,24.845
53.196,37.388
40.253,67.424
55.849,48.952
97.329,82.551
39.216,20.406
55.011,42.699
8.867,93.073
39.515,40.255
35.579,14.61
66.198,76.288
5.8621,23.354
10.822,20.555
35.105,7.2936
5.8612,43.017
32.916,24.801
3.576,31.813
52.352,82.641
26.809,11.788
76.032,55.067
46.467,57.808
38.682,70.605
9.0383,29.817
10.263,56.945
9.064,26.06
36.841,74.29
39.658,50.874
40.534,26.696
93.129,20.891
61.374,9.7081
74.435,28.041
68.793,80.466
37.002,51.702
11.394,82.581
82.801,84.916
66.761,55.091
64.709,59.008
30.753,77.945
90.837,65.349
88.907,66.832
91.009,20.508
36.394,72.133
90.763,39.611
8.0255,53.047
29.61,43.404
34.62,6.4797
99.827,77.728
39.41,74.535
52.113,94.018
58.255,20.237
71.409,12.175
21.648,65.44
31.891,23.709
29.602,20.244
43.313,11.103
16.694,25.803
32.724,52.09
36.577,50.824
76.376,28.753
85.305,18.654
30.758,69.172
85.417,18.909
46.612,27.493
27.391,61.84
9.9546,16.155
78.527,72.491
5.3313,70.04
64.38,79.544
78.503,85.244
10.396,89.632
4.0733,77.16
22.519,6.9578
62.916,58.199
40.767,54.515
27.918,54.012
81.986,27.739
86.382,52.38
36.409,44.8
10.502,38.557
35.553,25.085
41.26,61.066
58.36,59.189
85.641,78.754
88.696,26.811
32.992,53.196
5.7216,14.62
84.926,79.184
5.8134,92.371
73.725,7.0473
86.097,73.833
40.193,24.04
37.518,54.715
16.269,44.809
27.671,70.18
35.455,58.837
18.365,26.915
27.61,58.639
50.03,22.951
50.82,35.78
66.676,22.901
88.56,83.384
9.6648,87.319
32.54,37.342
70.152,87.305
8.9006,83.257
69.575,52.445
70.617,90.155
42.692,63.351
73.246,63.542
24.257,63.672
7.1205,55.298
89.379,96.212
91.735,6.7369
7.6458,35.693
45.056,22.92
50.421,28.42
77.051,83.971
88.058,85.724
44.524,99.273
45.028,83.412
79.019,23.307
6.8503,25.403
5.416,27.802
78.246,57.039
4.9348,26.518
40.745,19.605
84.169,77.932
43.122,65.604
93.93,90.988
79.719,26.056
91.212,73.622
64.39,24.437
6.509,40.841
30.645,46.698
82.443,26.075
91.505,12.185
6.3403,88.566
62.653,56.345
39.8,71.004
31.56,60.361
4.2318,69.2
90.08,32.85
76.785,20.93
64.306,60.235
81.454,90.038
6.0516,89.722
35.675,68.384
99.678,26.008
3.2067,28.172
31.088,42.395
73.312,25.657
9.0814,24.736
95.608,48.179
13.187,53.513
38.027,94.112
64.855,58.758
83.195,40.806
31.558,84.269
28.182,57.829
5.5095,35.48
89.168,20.75
67.314,3.2483
80.973,12.316
34.808,21.502
72.319,8.826
60.556,30.467
0.77614,65.646
9.9623,22.333
12.855,13.297
85.657,15.956
71.157,28.015
1.119,29.74
28.766,67.468
26.788,14.871
37.573,21.166
90.323,74.078
83.838,62.687
83.91,65.24
10.19,64.144
63.339,25.505
70.268,56.024
67.64,19.026
39.744,47.822
4.4867,44.319
8.0132,71.788
62.625,24.695
80.514,52.721
68.912,82.21
7.0777,75.475
8.2633,79.597
91.817,72.13
40.093,19.763
33.033,4.2585
69.464,95.18
84.481,29.019
8.1062,76.429
61.061,0.64104
39.654,67.089
2.6778,61.617
8.1579,16.819
90.658,76.243
41.479,41.886
87.877,79.338
65.228,39.449
26.884,54.367
70.481,59.576
8.0093,63.374
57.419,26.777
43.5,72.053
28.967,4.227
6.0792,38.271
82.781,32.5
63.755,23.477
36.296,64.328
66.637,65.786
39.993,77.775
7.8959,16.67
77.138,35.194
3.5916,74.019
86.019,8.2101
84.558,12.086
41.408,27.382
46.123,53.933
37.914,58.781
83.915,60.301
85.96,18.286
14.244,13.571
17.794,55.555
36.336,22.403
50.351,19.199
58.263,65.554
11.671,20.155
9.479,62.408
16.814,80.512
8.1536,81.742
36.209,56.725
10.854,24.674
10.794,13.959
6.6421,52.208
64.26,9.7031
71.085,25.512
31.624,23.803
54.247,36.115
40.334,47.685
6.9909,43.158
89.001,60.257
36.652,22.643
88.098,60.926
7.5378,27.106
65.565,56.727
9.0164,96.244
60.767,64.505
28.967,54.865
9.2153,16.486
3.7344,22.883
74.209,35.215
6.809,33.354
98.438,49.746
25.812,25.639
55.264,54.348
42.727,79.79
14.502,17.697
46.346,48.287
38.303,41.037
75.577,57.765
65.729,59.111
40.496,50.662
86.891,40.681
27.665,12.2
72.396,86.128
60.146,78.885
87.337,39.259
23.374,67.861
5.9272,60.158
4.1609,91.927
75.848,83.677
91.341,62.547
44.559,52.308
89.225,75.163
36.046,18.825
56.256,27.334
82.329,27.812
47.811,57.196
34.376,54.107
24.51,85.277
32.662,20.708
69.009,81.235
34.627,61.341
56.842,12.849
13.022,72.56
12.809,56.567
68.867,82.812
29.233,57.105
64.47,70.193
32.299,72.859
5.9526,40.823
63.021,10.623
9.8493,82.993
92.972,26.581
43.193,17.372
86.197,27.369
49.733,10.071
20.818,62.847
74.04,25.103
84.001,65.054
71.095,17.365
92.366,80.229
9.0692,6.4147
72.998,69.193
23.02,73.951
57.84,70.117
84.644,2.9852
66.025,68.509
43.665,36.695
10.86,16.109
90.824,80.821
81.551,74.458
11.144,91.587
11.128,53.818
10.804,46.173
86.864,13.018
46.458,63.023
92.51,26.177
74.793,23.575
89.886,69.518
41.119,67.876
87.24,20.739
63.097,28.447
10.934,63.282
24.26,24.624
93.796,23.184
36.766,4.6721
62.232,38.297
71.788,56.448
15.599,5.8552
98.16,39.603
35.955,46.749
89.391,67.501
36.834,27.547
45.457,65.057
37.9,65.758
37.366,56.728
13.346,38.421
9.0185,37.322
25.878,58.193
2.8098,92.054
40.768,91.336
27.684,67.936
8.1616,5.2542
33.492,49.76
87.501,78.45
37.264,65.887
70.577,25.085
67.755,78.954
61.824,67.793
36.55,66.137
93.377,36.44
62.367,70.77
74.292,40.456
63.196,84.886
71.562,21.695
71.417,35.678
73.569,11.94
3.2918,25.272
9.9758,76.403
50.3,55.092
54.344,46.177
20.951,94.976
7.2738,63.264
41.202,33.152
85.896,76.312
55.533,18.863
34.153,55.74
11.09,59.868
38.948,9.6289
67.538,81.465
67.731,65.444
30.32,42.389
57.029,28.364
8.1347,31.924
10.473,52.159
93.268,25.796
72.724,20.858
35.31,41.656
10.391,60.069
32.781,54.194
35.592,38.029
14.979,46.331
30.384,40.377
48.645,56.868
60.574,26.8
39.554,62.962
6.3658,46.627
2.0251,87.528
52.394,68.949
88.544,9.585
74.146,49.196
41.506,62.855
72.956,58.964
58.564,82.942
44.756,54.82
86.131,65.9
34.522,26.019
79.607,82.857
7.6012,81.562
82.621,58.573
93.587,11.64
38.661,47.061
67.286,54.072
48.709,54.863
76.137,42.857
26.983,63.874
47.301,21.162
77.333,26.365
90.647,80.987
31.234,97.494
43.033,72.293
4.6793,23.685
29.032,22.366
31.349,59.657
51.007,48.582
47.217,27.561
10.163,7.743
17.972,25.835
5.9978,44.953
83.59,18.772
3.9653,64.741
81.216,64.317
83.641,62.72
48.244,52.819
9.6142,29.065
31.462,27.85
40.793,53.906
86.137,23.947
3.0029,13.673
50.481,17.401
66.633,65.788
3.4779,24.537
39.956,29.607
91.496,10.721
60.226,25.245
91.779,63.228
89.267,62.317
40.761,98.125
53.703,41.702
48.011,50.188
17.282,59.097
35.744,21.189
26.98,36.713
36.031,11.192
44.954,95.655
85.923,18.434
11.637,79.232
5.0116,26.075
61.284,22.021
64.083,75.873
26.293,47.044
37.548,40.441
61.633,76.636
12.021,57.13
24.793,25.354
40.548,71.825
7.0931,16.061
88.565,62.33
27.354,67.228
69.823,53.783
37.459,7.3146
96.409,1.8909
70.969,61.457
37.741,26.348
56.147,60.802
17.844,8.2761
7.1787,57.29
82.726,41.286
77.634,19.428
31.091,51.239
46.781,55.47
77.415,0.48029
58.719,38.319
77.382,25.164
66.286,24.213
38.991,22.461
53.961,28.425
70.088,85.045
74.991,20.28
38.556,40.473
48.404,54.354
88.822,22.796
69.39,22.559
84.613,61.09
9.5334,21.483
90.373,66.08
98.607,51.074
41.508,50.955
10.23,49.349
26.637,53.717
87.413,19.243
4.4839,59.633
63.563,83.176
85.512,22.337
3.5702,59.072
13.731,93.425
78.501,85.66
28.264,45.044
5.0188,53.23
45.692,42.498
38.704,40.072
65.058,27.125
85.284,66.04
88.81,23.495
88.698,13.84
29.732,82.967
55.928,96.089
52.115,28.773
91.408,69.555
61.486,25.674
10.984,86.425
27.098,1.4629
81.154,84.189
75.819,86.516
35.945,51.604
6.0923,76.297
1.2097,13.726
85.086,22.616
7.4812,25.692
83.034,82.509
69.055,25.497
93.027,65.654
40.905,28.261
98.549,29.239
12.099,19.978
46.568,87.422
64.822,69.255
87.014,57.522
38.161,53.326
3.4209,39.564
11.521,92.859
80.747,89.454
70.368,45.652
75.906,23.681
64.175,77.748
24.719,59.643
26.986,50.454
44.552,24.117
61.957,82.854
90.151,2.8894
96.858,95.254
69.814,21.829
75.187,84.632
23.033,67.369
94.704,3.7379
99.816,44.238
89.867,58.846
3.1901,71.739
42.743,17.133
11.45,84.504
91.645,58.812
23.602,64.391
71.357,5.5834
85.836,68.184
81.559,9.1267
73.087,77.724
36.495,63.401
87.624,53.054
21.834,44.281
7.8071,39.879
5.1941,42.843
70.364,85.021
25.741,46.824
62.398,29.915
29.594,19.881
81.956,54.274
73.36,22.746
83.239,69.063
8.1314,44.711
85.849,23.646
87.071,24.647
13.436,11.964
8.8112,13.501
3.1081,89.822
8.7247,50.408
53.268,21.687
31.516,58.269
68.865,88.429
23.419,50.274
72.995,83.11
64.677,41.646
7.1503,67.692
43.838,71.115
13.953,29.782
26.88,52.643
68.636,96.274
66.706,69.542
29.793,23.533
41.254,55.017
58.671,96.519
18.957,16.726
72.659,38.45
14.281,59.849
44.285,27.479
39.928,62.067
8.4783,8.9861
65.956,63.164
27.404,71.573
78.145,37.071
26.099,56.377
7.5173,75.052
77.144,19.105
4.4214,19.899
34.563,47.14
44.84,36.722
18.032,10.285
46.246,26.344
32.164,41.769
8.8392,85.035
48.695,60.076
7.6534,23.001
29.595,15.768
6.4768,78.204
70.884,24.435
96.59,17.122
23.983,23.958
41.883,73.123
36.382,83.388
31.816,63.853
22.097,89.425
60.849,66.061
11.164,39.345
49.401,25.751
89.699,94.972
4.6684,46.997
96.624,50.643
43.6,16.711
68.916,57.346
67.174,88.864
38.288,20.424
35.56,47.614
9.2509,16.376
9.1311,68.113
29.15,41.79
75.834,61.065
88.863,84.546
6.8934,52.618
28.817,19.655
91.843,70.93
75.551,42.852
43.454,48.699
85.436,87.119
59.004,15.625
47.169,83.541
69.104,55.228
9.9787,93.355
4.4208,26.861
18.46,80.772
71.002,54.356
73.854,96.273
4.5322,32.395
13.426,24.406
11.184,33.775
27.802,19.38
49.048,58
92.33,73.8
25.569,36.853
19.704,10.58
47.878,17.667
36.134,62.315
43.309,56.903
46.99,66.483
3.5104,45.979
69.728,1.7299
53.299,12.474
54.315,19.498
76.382,23.91
97.308,39.202
28.867,98.461
61.784,24.451
29.028,62.975
52.215,68.523
79.522,13.333
68.144,58.648
35.45,42.205
82.319,18.14
22.171,53.555
42.537,47.702
67.975,27.15
31.111,10.503
72.229,69.515
62.125,58.959
32.994,66.379
8.1734,69.964
85.609,58.691
47.798,63.804
70.965,57.289
85.928,69.266
13.57,89.841
45.653,26.902
11.467,20.349
79.903,84.847
11.371,29.516
90.504,33.096
4.002,15.631
89.003,58.353
22.912,57.871
6.1773,93.41
78.618,51.204
5.0122,34.077
75.292,58.632
39.091,50.691
10.752,84.108
22.224,53.984
43.159,9.0123
23.098,63.161
99.939,74.727
11.784,11.084
16.659,6.6975
72.171,29.218
76.43,6.173
54.698,3.7281
87.518,46.422
72.15,39.583
82.393,95.589
60.917,21.884
44.23,21.543
36.34,66.117
35.099,91.866
6.163,13.476
33.736,32.981
61.372,81.311
66.942,59.838
59.281,20.117
65.626,77.311
32.29,51.35
69.201,85.275
89.347,72.354
43.523,35.949
0.11619,56.666
60.459,65.958
55.824,28.114
64.266,35.562
69.484,10.811
12.118,62.478
38.391,21.818
41.218,42.834
30.442,66.7
57.147,28.017
32.599,25.7
91.514,68.809
56.427,26.011
64.977,18.633
95.22,24.815
9.387,67.692
81.597,95.701
8.8389,65.015
11.856,27.142
86.714,39.512
65.215,8.7605
52.062,28.78
30.002,69.24
13.262,18.549
35.905,65.556
68.469,88.002
27.284,66.686
9.0164,67.292
68.221,78.194
78.9,44.215
39.809,64.705
10.537,70.804
6.6788,40.025
43.642,65.866
87.306,2.5353
40.898,26.085
69.129,52.871
53.107,29.848
97.432,22.106
11.062,10.509
59.915,17.536
75.77,68.318
89.931,67.504
39.205,51.124
74.394,16.159
8.238,62.061
7.6564,37.659
66.864,21.533
97.039,27.001
6.8638,66.302
13.685,16.024
28.472,55.756
48.603,52.566
34.864,78.701
50.372,19.037
69.952,86.899
9.1561,82.034
80.364,89.985
18.773,7.3996
56.728,24.996
68.442,18.177
13.567,99.733
65.327,83.62
6.3557,45.335
3.9007,51.705
59.338,19.426
68.1,79.6
4.7952,42.899
10.125,61.853
57.234,29.956
66.214,25.568
66.159,2.4422
4.474,10.37
28.493,47.269
44.371,54.001
35.245,59.79
10.215,30.836
29.76,23.835
24.747,21.305
86.935,49.563
89.195,3.9171
48.822,5.1046
91.527,75.046
50.192,20.534
70.357,20.992
86.072,24.77
30.803,45.577
53.888,20.878
60.762,27.052
67.661,14.139
63.548,28.692
82.665,23.685
92.572,73.391
77.97,55.078
83.357,63.632
23.867,36.485
84.844,10.799
22.946,78.228
76.245,82.349
17.596,72.361
83.372,33.348
79.638,58.165
7.9348,58.705
93.004,26.164
8.9167,89.141
88.312,7.7888
47.463,24.834
52.664,49.105
48.529,49.064
86.993,11.186
30.909,21.965
13.509,66.659
81.044,59.882
19.103,16.645
88.944,64.037
27.034,90.615
56.944,26.672
7.667,38.986
82.287,58.687
88.408,34.591
73.029,63.145
13.243,71.516
8.0249,33.009
7.0726,11.302
30.526,3.9699
6.4604,58.616
10.019,16.318
90.768,70.404
91.55,16.591
64.257,57.717
51.282,62.14
38.617,23.512
71.332,26.221
76.467,32.026
58.112,68.358
87.953,38.606
78.172,22.62
38.452,63.018
9.3566,22.955
70.714,81.244
36.375,21.05
13.683,80.28
83.025,81.522
14.408,90.409
7.6731,61.407
42.121,21.536
40.154,60.742
52.731,6.6069
76.888,52.674
84.057,54.065
31.797,60.619
30.147,58.9
25.482,67.148
35.673,20.156
47.941,57.558
8.9633,59.859
37.132,40.45
22.873,67.149
45.008,88.117
56.055,85.71
90.959,63.241
35.133,50.205
14.775,56.753
53.423,45.219
79.962,57.978
44.436,30.343
26.902,26.46
19.327,10.806
30.682,71.843
35.718,48.37
11.178,95.739
76.554,52.167
91.036,22.908
64.622,75.775
65.527,62.487
71.396,54.012
38.492,45.604
67.651,91.689
35.834,38.796
64.013,17.112
69.575,82.547
74.054,20.607
94.158,44.518
67.174,92.986
62.989,60.241
56.497,79.801
67.237,79.876
36.993,67.299
99.917,5.6335
43.324,80.375
52.147,29.866
47.08,67.397
6.4004,23.652
82.278,79.185
7.6607,75.41
31.82,48.655
28.629,18.908
40.76,26.896
5.4314,59.589
94.529,25.239
4.4937,54.228
14.133,85.843
22.568,57.609
37.923,42.951
13.383,82.82
9.8608,63.331
64.349,82.695
34.169,54.964
57.373,26.269
5.8318,88.218
94.612,25.391
70.761,60.127
60.661,17.098
75.531,89.791
36.931,48.733
51.518,26.064
13.317,60.941
90.321,60.145
78.417,56.035
65.734,57.856
98.247,50.865
91.32,2.4039
32.837,20.515
34.258,74.695
65.765,22.032
26.174,5.7395
5.681,47.862
38.479,41.247
56.647,41.877
70.227,18.604
81.481,53.271
70.714,27.257
11.968,56.784
8.8561,19.908
42.561,98.273
9.1041,39.136
26.794,56.84
83.466,27.436
4.0429,62.849
30.399,19.231
82.229,61.312
16.167,89.836
3.6494,20.994
12.874,23.243
36.398,59.91
74.983,84
65.258,67.286
23.663,30.919
13.303,79.202
9.0857,25.976
56.44,25.72
66.729,69.173
63.313,61.369
33.214,67.935
26.174,23.288
93.045,20.189
13.478,95.801
58.949,62.991
52.72,22.379
28.531,84.329
23.387,53.503
43.723,90.995
55.707,81.44
45.698,10.553
2.9226,90.127
16.331,84.156
34.006,49.005
90.586,90.285
45.407,47.837
7.1607,84.012
46.518,17.168
2.1025,95.888
10.466,46.675
16.964,91.566
86.592,79.099
60.448,56.81
92.953,23.978
85.403,73.433
58.474,60.266
52.255,57.036
79.978,88.008
78.276,83.162
25.454,53.309
75.867,6.3093
83.19,86.702
61.176,18.219
83.543,63.292
10.579,40.656
44.705,85.563
7.9393,47.142
61.594,69.371
38.071,63.831
33.797,64.889
80.888,82.813
26.611,49.157
69.364,52.646
79.627,57.92
30.596,95.163
34.542,84.004
44.297,14.296
75.785,25.11
81.103,88.98
5.6485,52.067
9.4953,72.358
23.364,23.406
30.399,72.895
84.712,25.891
6.2289,93.54
8.3327,50.952
22.909,53.038
11.253,52.244
1.0746,80.129
62.189,60.901
85.586,74.119
60.419,69.174
48.865,6.3828
82.986,89.854
14.528,70.163
94.928,1.1188
81.589,24.551
46.265,56.011
76.107,6.4437
50.91,46.991
84.269,61.277
13.64,28.906
45.175,29.074
40.776,53.88
35.855,43.452
87.9,78.429
28.349,68.647
10.706,61.113
2.2209,95.855
61.268,68.558
11.049,68.868
45.412,53.358
97.775,22.903
78.969,37.468
45.092,16.934
88.681,82.83
87.824,76.919
3.4945,27.949
37.069,66.867
48.102,15.943
94.217,73.146
40.102,45.531
66.968,54.135
28.876,86.636
